2002.06055
1905.09566
math__0107188
2003.06663
1609.05382
math__9906038
math__0607271
math__0409473
2311.00200
math__0106050
math__0702299
math__0210047
2003.02254
1102.0979
1707.08321
1503.01492
math__0502550
1607.00668
0712.0617
1106.1983
1812.10586
1303.0584
2003.01401
1807.02627
math__9810053
1106.1092
1506.05500
2105.06332
1004.2228
1606.08379
math__0604549
1105.4692
1610.06801
1912.02769
math__0209093
1004.3802
1212.3914
1612.00995
2011.11042
math__9903004
0801.4107
1106.2218
1412.0144
2009.11969
2212.02300
math__0404216
1006.1768
1211.5294
1507.02648
2009.10980
2108.11431
math__0406310
0806.1079
1212.5539
1501.06824
1803.01191
1906.01144
1812.02452
2305.02308
math__9909030
0706.2307
1112.5213
1510.02402
1701.08152
1905.10277
2005.13381
1603.06557
1904.00376
2308.03583
math__0604542
0909.4136
1005.1520
1205.6450
1209.2776
1411.5788
1510.04885
1706.05292
1510.01797
1812.01750
1904.12974
1911.02630
2102.04099
2004.04526
2209.09351
2112.11170
2311.08051
math__0109088
math__0702290
0907.0061
1103.5539
1202.0411
1101.2792
1305.3750
1312.7466
1410.5075
1005.4633
1305.6028
1607.02269
1802.00997
1803.09451
1807.06000
1808.09835
2011.13408
2006.03505
1908.00649
2202.02493
1708.06087
2006.01705
2310.02159
math__9912059
math__0612727
math__0602497
0907.3961
1002.4863
1206.3704
1202.2591
1310.1736
1412.4628
1406.1744
1602.07962
1602.04324
1610.09429
1812.03583
1804.06485
2005.05384
2101.10361
2108.03416
2203.12022
2211.03104
2211.08118
2307.11931
2404.06192
2401.13491
2109.01062
2408.14335
math__0106065
math__0409475
math__0610439
0712.0418
0901.1627
0908.0116
1105.3405
1112.1307
1207.4296
1304.3592
1308.3586
1403.4126
1210.1425
1505.01098
1505.00974
1507.01745
1607.04870
1703.09155
1709.09336
1706.03291
1810.12708
1803.00681
1906.09203
2001.02062
1911.08781
2010.09111
2011.07543
1907.03364
2203.03572
2204.10708
2104.00162
2203.12478
2110.06613
2309.05591
2305.02675
2208.08719
2307.00442
2108.04557
2110.06591
2403.10447
1703.10137
math__0002216
math__0411408
math__0611701
0712.1319
0807.0658
0904.2685
0910.3978
1003.0096
1010.4460
1012.5647
1112.4315
0805.2611
1112.3805
1307.5625
1403.4183
1405.3090
1501.00792
1501.07592
1411.6931
1505.01669
1504.02430
1508.07807
1611.07886
1705.03189
1708.02738
1803.03418
1612.09540
1805.01774
1903.03914
1811.10344
1903.00295
1711.05903
2001.10123
1801.06488
1811.00214
1909.04950
2101.01957
2104.07747
2009.12432
2109.06278
2112.04927
2012.03863
2110.14192
2206.00849
2109.05111
2010.13664
2303.11796
2212.13541
2201.12878
2005.04778
2312.00756
2403.18102
2306.13610
2403.09716
2403.03085
2411.15359
2412.20999
2503.19242
2301.02491
2503.17326
2405.05774
2508.07735
math__0111061
math__0403214
math__0507447
math__0604412
0705.4406
math__0703713
0806.1540
0904.2486
0906.4594
0907.2194
0910.0512
1103.3991
1109.0106
1112.3603
1203.2800
1204.4886
1210.4566
1303.5940
1306.6789
1105.0714
1010.4819
1407.2745
1409.4730
1411.7107
1206.6632
1507.06623
1506.01221
1602.05156
1511.02395
1606.08222
1511.00857
1612.03711
1607.03608
1707.04074
1012.6001
1712.04781
1803.04622
1807.00322
1809.07923
1901.04828
1906.09006
1903.10034
1807.11403
1909.10822
2003.07635
2004.11519
1911.04790
2007.14263
1908.02049
2004.00187
1911.11527
2103.05412
2104.14021
2009.14145
2002.10536
2105.13642
2108.12697
2112.02155
2203.03403
2109.13163
2202.06217
2107.13623
2105.05422
2109.05369
2211.15754
2007.07752
2204.12962
2305.01357
2306.07091
2206.09678
2006.07191
2310.09264
2102.01259
2011.02830
2305.16899
2311.18781
2402.18063
2404.05017
2210.04549
2403.15338
2307.16076
2403.06926
2411.03266
2412.11295
2308.15183
2408.03180
2502.18257
2401.17494
2304.03066
2406.14346
2312.11261
2501.06955
2403.17282
2508.20555
2501.16491
2501.17769
2507.00212
2601.03180
2510.06886
math__9810059
math__0009145
math__0108147
math__0212219
math__0311021
math__0312422
math__0409339
math__0501400
math__0301271
math__0509596
math__0606704
math__0509056
math__0702588
0708.1925
0802.3511
0807.4256
0809.3575
0901.2372
0904.1678
0901.4403
0909.0395
0801.0157
1004.0778
1006.4647
1008.4701
1004.1055
1102.3240
1104.3542
1108.1063
1109.4210
1112.2440
1201.5342
1111.6797
1207.2971
1210.0615
1210.6166
1303.1286
1304.7128
1305.6958
1307.7215
1105.3869
0711.4409
1309.2835
1402.0408
1404.4301
1406.3819
1404.4115
1409.6405
1304.6854
1312.3912
1502.04741
1505.00343
1506.05587
1508.00921
1405.5184
1511.01532
1512.03250
1509.01582
1411.2236
1602.01053
1205.2988
1512.02012
1604.06812
1606.05529
1605.07275
1402.2587
1702.05206
1308.3983
1704.04414
1706.03605
1707.02804
1709.01706
1601.01532
1407.1547
1801.08762
1802.05037
1803.07309
1805.04877
1807.05263
1711.02051
1809.11168
1803.02304
1812.07656
1901.06539
1902.06086
1903.11488
1905.07181
1807.05423
1908.01360
1909.00172
1904.06719
1910.13417
1911.12726
1912.12901
2002.01130
1903.01211
2004.08516
2005.00835
1808.08687
2006.01403
2007.09967
2009.05390
2010.11582
2011.08897
2012.14042
2007.07576
2102.01794
2101.04531
2012.08370
2104.07090
2104.14877
1906.00517
2101.00942
2006.02978
2107.13667
1906.07215
2011.12600
1810.08184
2111.00439
2111.12117
2112.06092
2201.02224
2201.11273
2202.08018
2203.01067
2204.01634
2205.06651
2205.05382
2205.09264
2206.00949
2207.01366
2108.00412
2105.13166
1911.00074
1612.05139
2211.05157
2204.09584
2207.01371
2302.03123
2303.02065
2303.08894
2304.03751
2210.01720
2305.00167
1904.04097
2306.09721
2307.05980
2205.03906
2308.03201
2308.16030
2205.04000
2310.07055
2311.02363
2311.10342
2311.18371
2312.06943
2312.13209
2401.10117
2112.11552
2209.02667
2403.12750
2404.01031
1912.10642
2404.19642
2112.02707
2403.18449
2406.10071
2211.02210
2407.12691
2408.01378
2408.16775
2408.15848
2409.05763
2410.00740
2410.09853
2410.17852
2411.02841
2411.14143
2307.11208
2412.11968
2102.12468
2501.06772
2411.05511
2502.05096
2502.12695
1312.7697
2503.07194
2303.06437
2503.20671
2504.06052
2405.06475
2504.19389
2502.03585
1806.05777
2503.13325
2505.22931
2506.06025
2506.14319
2506.23632
2507.09946
2308.00656
2508.09944
2502.14993
2509.00995
2509.05462
2205.02362
2509.13602
2508.06637
2509.22584
2507.13047
2510.07040
2510.10349
2510.22326
2510.25450
2511.06469
2511.10513
2511.13674
2404.03735
2401.04704
2504.12158
2512.07732
2511.06502
2512.17170
2512.20742
1810.00312
2601.05691
2402.12051
2501.03890
2506.12399
2409.11231
2309.11300
2602.08480
2602.12363
2602.15667
2602.17347
2602.20755
2505.06059
2602.03149
2603.09430
2603.13002
