1901.01453
0706.1286
0708.3398
1205.4473
1310.8279
1301.1053
1301.5206
1801.02927
1512.07573
1208.1749
1409.2165
1705.04960
0910.1306
math__0408120
0910.0814
2103.12482
1806.08304
1111.5659
2312.00429
1111.5448
1809.00727
0908.1250
1804.10924
math__0512106
2011.13839
math__0610552
1304.7572
1711.10455
math__0608760
1107.6032
1711.03670
math__0506313
1112.0560
1905.09580
2207.08504
math__0602084
1303.0340
1511.04911
1905.01148
2306.08117
math__0512076
1102.1313
1210.6506
1604.01517
1907.10025
2010.09663
0805.2778
1212.1545
1509.07632
1612.09530
2105.05198
2312.00990
0710.1120
0912.4464
1505.06940
1703.09888
1905.06160
1811.09532
1511.04070
2111.00069
math__0411478
1001.0905
1306.6523
1610.06282
1707.02167
1808.09834
2008.03758
2106.04703
2311.16827
math__0304285
0708.2659
0907.0930
0711.1761
1301.0300
1404.3067
1502.04001
1611.07591
1606.05058
1808.05267
1705.04296
1806.06082
2007.06536
2105.00283
2105.10811
2105.12282
2401.16900
2310.11972
math__0608774
0802.2885
1009.3673
1107.4764
1207.0121
1302.1729
1312.5348
1305.1668
1408.7003
1601.07734
1608.05524
1708.06088
1801.01386
1605.00662
2002.09241
2007.11708
2101.06734
1905.07429
2011.02137
2205.13356
2301.05730
2208.12597
2404.09513
math__0601777
math__0306018
0902.4016
0807.2927
1012.4109
1302.3032
1202.2876
1412.4487
1408.5220
1607.02786
1506.07155
1803.01751
1709.01222
1804.07402
1612.06980
2009.12241
2003.11261
2010.07926
2206.01113
2105.00772
2206.04547
2401.08990
2407.05532
2203.07046
2106.14121
2209.12569
math__0304288
math__0412478
math__0601575
0811.2627
1003.3221
1010.4474
1004.0457
1203.6133
1211.6170
1307.4038
1312.1445
1202.3359
1402.0250
1506.06402
1602.01019
1605.06835
1407.6849
1512.03337
1712.03492
1806.03012
1704.01863
1904.08413
1803.06086
2004.09699
1804.05045
2103.01364
2109.01249
2111.03460
2203.15096
1909.11399
2208.12704
2212.12564
2306.09745
2311.13362
2305.06938
2405.13157
2404.01281
2403.07768
2509.04255
2409.10237
math__0003137
math__0309018
math__0512194
math__0601383
0805.1441
0901.0618
0905.0595
0808.3964
1006.1033
1103.0600
1110.0715
1205.3050
1207.6750
1105.5187
1401.5604
1404.3955
1206.2745
1505.02048
1502.03925
1506.04317
1410.8083
1605.09192
1612.05939
1703.10636
1706.07340
1710.10258
1606.09080
1806.09318
1510.07131
1810.11300
1907.03992
1909.09333
1706.06788
1904.06987
2005.03601
2003.08610
1803.09611
2102.04386
2011.14552
2005.10496
2112.00205
2004.08487
2202.07067
2112.10288
1908.01215
1911.06640
2203.00496
2305.04659
1905.08877
2303.14049
2310.05568
2402.19266
2305.02571
2301.00601
2409.18380
2410.21889
2401.13489
2402.00331
2302.05175
2007.02255
2502.20597
2502.10323
math__0005125
math__0305254
math__0306361
math__0603348
math__0703119
0708.2761
math__0306223
0811.2684
0904.0634
0911.5200
1003.5552
1006.1227
1012.1911
1111.0330
1110.0652
1204.6228
1209.0124
1301.3679
1306.2675
1309.4821
1011.0918
1406.0961
1408.1342
1409.7521
1308.4557
1506.07707
1507.07345
1503.06647
1512.01259
1605.08147
1607.06413
1502.05351
1701.04223
1605.08627
1708.01924
1612.07050
1802.06644
1805.10682
1607.05794
1811.08240
1903.07030
1908.10660
1910.09816
1912.12210
2002.12813
2004.04183
2005.14104
1710.01465
1911.08986
2003.04827
2006.14022
2102.12931
2104.05650
1811.11654
2105.14654
2107.13989
2008.03538
2109.12708
2202.08130
1908.08034
2012.04963
2104.09897
2210.07753
2202.09293
2206.09646
2302.07855
2004.12953
2304.09216
2212.07135
1909.03518
2209.12575
2310.04587
2211.04529
2308.11502
2312.11528
2401.09751
2305.01474
2002.00886
2405.00488
2404.08835
2302.13521
2407.06515
2405.00312
2402.04227
2501.01363
2501.14162
2311.11983
2407.08573
2412.16386
2505.09120
2506.01521
2506.19946
2507.23152
2404.01406
2506.07874
2503.24279
2507.13749
2501.18404
2602.14424
2412.20262
math__9812097
math__0105256
math__0010253
math__0304053
math__0403081
math__0407251
math__0406061
math__0506451
math__0511367
math__0512349
math__0608452
math__0612088
0706.1835
0711.4401
0806.0569
0809.3023
0811.0318
0903.2868
0710.2497
0908.2168
0810.1442
0912.5524
1005.0938
1008.1399
1010.5934
math__0609748
1103.4262
1105.5186
1108.5663
0912.1415
1201.0340
1204.0227
1206.5975
1209.1454
1204.3312
1302.0399
1303.7046
1305.3432
1306.4088
1308.0251
1212.2883
1310.7222
1401.3757
1402.1159
1405.7263
1407.1473
1408.3788
1410.3606
1412.1321
1501.06807
1503.05531
1505.07615
1507.04772
1508.05072
1510.03290
1511.02905
1601.02158
1601.07095
1003.0985
1603.00822
1304.0867
1606.04378
1409.1370
1608.02828
1512.00799
1701.00658
1604.00272
1606.06120
1610.02180
1706.06211
1707.06149
1710.00098
1711.07958
1712.05389
1801.10542
1703.00569
1804.09474
1805.09961
1808.01444
1809.04124
1810.11697
1811.09601
1901.03567
1805.12079
1902.03778
1904.01679
1906.03386
1907.06585
1908.04287
1708.00833
1910.05172
1911.04704
1610.07737
2001.08338
2002.08234
2003.12514
1902.08239
2005.11322
1811.08077
2006.15188
1812.09661
2009.06832
1501.02161
2012.07838
2101.05210
2101.10482
2012.03125
2103.06155
2104.02887
2104.09601
2105.02285
2105.10531
2106.04132
2107.06444
2001.09940
2108.06642
2109.04291
2110.06916
2111.06233
2111.13837
2112.13290
2201.07527
2202.04543
2006.08290
2203.12068
2204.03389
2205.00798
2202.07582
2205.15240
2206.11244
2008.11913
2202.10819
2208.00809
2210.00748
2210.14337
2211.14696
2204.00829
2205.15486
2204.06055
2303.05188
2303.15054
2304.14128
2305.03581
2305.15204
2302.07852
1711.08639
2312.00831
2307.16553
2308.09148
2111.05918
2303.02636
2310.15840
2311.03507
2212.03487
2208.00918
2305.02732
2401.05325
2308.06417
2402.04456
2403.08190
2403.16269
2404.04730
2404.15443
2205.07664
2405.16468
2406.01573
2406.15584
2312.13074
2407.18072
2408.04989
2401.09892
2408.07058
2409.10730
2410.05064
2410.08019
2410.20562
2305.11303
2411.18333
2411.09950
2412.20286
2103.14117
2501.10779
2402.04242
2303.01334
2410.22494
2302.14153
2503.12475
2209.06121
2504.03240
2304.04382
2504.16326
2402.18226
2505.07131
2306.05345
2409.01377
2304.05796
2506.10431
2506.22072
2507.05529
2507.20768
2508.02612
2508.10162
2508.19423
2207.01967
2509.07719
2509.10204
2510.09625
2509.21472
2510.00912
2510.05371
2504.01011
2503.20664
2510.23789
2510.27557
2512.04090
2508.01146
2511.14892
2202.00135
2507.15726
2110.06404
2512.11692
2512.15951
2512.18487
2503.04294
2601.06192
2410.19431
2601.14237
2601.17623
2506.02180
2411.07804
2602.06651
2602.09974
2602.14015
2411.17281
2508.09604
2602.21330
2603.02580
2303.08000
2511.10454
