math__0608040
0905.0462
math__0102087
2401.14311
1209.2995
math__0201017
0901.3602
0705.0102
1409.4219
0905.0459
0907.2460
1212.6283
1006.3930
1804.02240
1107.0954
1805.04346
1409.7051
0704.3976
1711.03160
0911.2863
1408.1598
math__9901139
1409.2148
2203.16351
1709.06689
math__0109021
1106.1606
1704.02230
2210.08237
1010.0982
1704.06911
math__0509655
1208.4520
1605.08100
1909.04304
math__0509266
1111.1820
1408.1231
1611.08241
2301.05542
math__0012173
0808.1519
1010.4956
1412.0212
2005.11309
2311.00205
math__0409477
1012.0547
1507.08710
1704.01447
1904.05691
2107.12356
math__0501489
0902.2554
1311.5494
1410.3990
1701.05937
2004.12937
2101.04238
2308.06574
math__0204279
0711.3659
1201.3789
1404.3202
1706.10023
1803.01664
2005.01894
2008.09924
2207.05184
2302.14014
0708.3308
1002.0879
0912.4809
1206.0162
1212.5123
1501.01947
0905.3884
1610.08774
1805.03561
1901.10707
1906.00259
2008.11323
2006.10890
2107.08612
2209.09376
2012.15431
2311.14643
math__0410230
0707.0835
0909.4722
1010.3628
math__0510490
1212.0966
1311.7125
1404.2715
1304.5227
1503.04623
1607.02064
1501.06810
1705.08565
1902.08881
1902.05788
1711.00037
2010.13361
1911.00818
2207.02686
2101.07819
2109.06231
2206.06858
2302.04069
math__0403152
math__0702574
0811.3215
0909.2212
1104.4275
1203.3664
1303.4669
1411.1605
1505.00712
1309.1808
1704.03674
1602.09117
1805.08290
1904.08083
1904.03550
2002.11480
2101.10491
2012.10157
2205.00486
2102.06146
2205.10917
2211.04139
2210.11192
2305.05604
2412.13347
2207.06091
math__9912075
math__0411507
math__0701457
0712.0890
0907.2361
1005.4512
1005.1018
1112.1448
1207.6972
0906.2954
1308.1532
1312.5474
1202.3337
1110.5193
1311.4044
1306.3773
1608.07985
1705.08671
1710.04632
1804.04244
1805.05156
1902.06920
1209.3423
1911.00907
1810.08752
2005.09559
2104.00367
2111.03850
2203.03748
2204.11152
2103.03974
2209.14728
2211.05861
2204.01082
2305.11637
2310.05384
2012.03797
2501.12510
2103.01189
2510.13503
2412.13956
math__0106240
math__0501086
math__0701746
math__0312339
0809.4343
0904.4167
0911.0977
1003.5944
1008.1245
1108.2913
1203.5905
1204.3745
1101.1700
1310.0381
1204.6695
1407.0512
1307.1987
1405.1092
1510.08925
1601.07096
1604.02604
1609.00145
1606.04439
1510.05696
1612.03678
1702.08684
1606.08930
1705.09354
1903.03926
1906.02690
1908.04184
1910.12517
1911.13266
1810.11188
2007.00624
2010.13208
1805.05248
2102.12250
2106.09107
2106.07890
2112.06445
2008.01948
2009.12301
2206.12724
2107.02374
2205.11054
2106.15042
2305.06714
2308.01767
2302.02484
2309.08340
2303.05434
2406.15887
2408.15190
2410.05242
1810.06322
2111.10968
2204.13786
2503.17319
2210.13886
2503.18354
2506.23375
math__0008117
math__0404399
math__0503306
math__0609808
math__0612175
0712.1864
0711.0674
0904.3961
0811.4304
0907.2199
1008.2926
1101.4594
1108.4032
1112.5325
1003.1994
1207.3600
1110.6411
1304.0219
1307.5383
1312.7833
1305.3835
1407.1012
1409.0076
1412.3295
1505.05010
1509.08229
1511.06901
1603.02500
1410.0248
1607.03212
1609.03214
1610.03802
1703.10671
1707.06007
1710.07752
1801.07390
1604.02926
1609.03979
1512.01390
1610.08392
1611.01654
1910.01223
1904.08541
2001.05778
2003.08113
2004.14286
2007.10277
2002.02294
2010.14313
2012.10817
2011.12501
2103.12387
2105.06933
2008.07158
2106.12490
2109.04239
2111.13542
1805.03816
2105.10143
2009.10041
2208.04228
2112.08829
2106.10094
2211.16099
2103.11508
1805.07004
2101.00050
2207.08487
2302.10321
2305.15229
2309.15579
2308.10815
2303.02572
2303.12176
2210.07704
2402.05265
2210.08582
2404.08139
2405.14678
2310.00316
2408.08980
2311.18691
2411.05250
2412.19946
2501.08993
2502.04213
2503.04488
2412.03776
2505.04817
2001.09029
2405.11038
2406.17684
2411.14813
2506.02691
2502.09163
2509.15524
2509.06193
2301.03545
2410.00853
math__9901091
math__0101115
math__0110014
math__0303083
math__0312476
math__0404286
math__0410555
math__0503151
math__0509318
math__0511068
math__0607462
math__0611821
0705.4334
0708.2570
math__0703457
0708.1897
0809.4518
0809.3881
0802.0097
0906.1286
math__0103193
0912.4914
0910.4538
1007.1077
1009.0110
1012.1415
1103.4485
1007.4329
math__0702208
1110.0554
1112.4277
1108.3209
1003.5937
1011.0558
1210.5678
1211.5041
1210.4098
1305.1115
1305.7414
1307.7216
1308.4111
1310.0903
1312.3709
1310.5955
1401.7694
1406.6789
1408.2596
1409.6639
1411.2457
1501.01925
1502.07539
1505.03053
1409.6067
1508.01931
1301.1203
1306.0831
1403.5095
1412.6968
1601.02593
1602.04669
1311.3524
1503.03362
1510.08717
1609.04241
1606.06540
1612.05694
1702.02185
1703.10426
1602.05504
1706.03618
1707.03338
1709.02982
1710.07417
1712.02064
1801.08900
1802.08193
1703.02849
1708.05255
1807.03164
1803.07956
1810.01023
1811.11487
1812.10649
1901.08165
1808.09910
1903.02021
1905.07600
1809.11043
1908.01655
1412.6930
1610.00808
1910.13735
1911.13139
2001.03820
1909.09624
2003.04610
1710.06084
2005.01715
1801.02775
2006.12308
2007.12716
1804.01345
2010.12534
2011.13881
2012.14483
2101.10389
1904.00166
2005.06304
2103.09000
2104.08999
2105.00399
2010.11173
2105.05108
2106.15861
2107.14031
1809.05610
2109.07172
2110.02574
2111.02184
2111.12508
2106.14135
2201.03069
2112.11518
2202.08212
2203.05751
2204.02009
2204.11931
2205.06068
2205.09267
2201.06782
2207.03261
2208.01117
2208.13088
2207.13379
2107.07743
2211.13855
2212.08520
2205.15185
2302.03691
2303.03970
2302.14474
2304.05101
2201.08963
1501.02503
2305.18463
1811.12873
2307.06043
2205.08916
2308.04584
2309.04135
2303.10331
2204.08351
2311.02666
2311.10608
2312.00156
2312.04716
2305.16002
2401.11781
2402.00991
2402.19342
2212.09237
2105.10028
2404.12456
2306.11076
2405.13437
2205.08646
2406.13647
2209.12971
2307.08891
2408.03523
2401.04242
2311.02645
2212.00147
2007.05733
2410.11728
2106.13107
2411.03821
2306.04432
2309.11444
2412.13123
2501.01881
2407.02836
2304.03814
2311.02944
2502.13810
2502.20942
2503.10230
2003.07426
2503.21216
2504.07473
2504.14935
2504.20363
2402.11644
2501.11620
2404.10925
2506.12050
2506.08246
2411.17200
2507.01370
2503.20704
2508.00633
2307.13201
2508.16302
2503.17274
2509.06363
2505.10809
2509.15101
2404.02017
2509.26343
2510.02748
2510.07553
2506.20278
2506.02759
2510.19104
2409.19076
2511.11387
2511.13706
2511.15410
2412.13310
2512.04818
2306.02792
2511.13536
2310.00493
2507.03459
2504.09520
2601.07505
2504.20606
2601.15832
2512.15613
2505.15767
2602.04425
2602.08851
2403.19661
2602.15807
2602.17355
2602.21060
2511.21913
2501.10672
2603.09433
