0908.3347
math__0702535
1305.0086
math__0410328
1009.2331
1809.00738
1805.03776
math__0207281
math__0607646
math__0608420
1705.07442
math__9812040
1910.09240
math__0408298
1605.08018
1005.2910
2211.08436
1602.05082
math__0508379
1203.0202
1805.03805
1103.3493
2303.13480
1308.2802
2007.11059
1005.0209
1501.03146
2103.16907
0809.2070
1502.03130
1806.06471
1107.0778
1406.7854
2003.10105
2110.08237
0711.1859
1205.0101
1609.04622
2008.02394
1703.04266
math__0606067
1108.5952
1406.6030
1902.06694
2204.02284
2411.05907
0904.3137
1207.2773
1509.07584
0907.1359
2305.00893
math__0209035
0807.4123
1202.1938
1412.6559
1709.01717
1908.06879
2005.02975
2101.09538
2209.05103
math__0606472
1010.1810
1406.6994
1701.07538
1902.03050
2004.08964
1811.05442
1411.0898
2404.07273
math__0408306
0812.0150
1005.2831
1202.0426
math__0304064
1212.3122
1208.4695
1605.00081
1802.07588
1704.00329
1903.05777
1903.10861
1912.04328
2112.11145
2208.13852
2304.02928
2406.05425
math__9902151
math__0601418
0711.0324
1011.4114
1009.3454
math__9911073
1307.4845
1401.5656
1408.4953
1505.00048
1404.3780
1704.04474
1710.09438
1802.01767
1908.04380
1804.08585
2010.11293
2105.02561
2201.08016
2211.06587
2307.01498
2207.04023
2202.08113
math__0004160
math__0604569
0806.0308
0802.0952
math__0508565
1203.5009
1202.6034
1310.0705
1304.5954
1510.04497
1508.01069
1512.02173
1805.03131
1805.05988
1811.11333
2003.01387
2011.13448
2101.01460
2111.00158
2211.00571
2301.10464
2308.14455
2205.00386
2307.12671
2411.13367
2502.20699
math__9808068
math__0304026
math__0601386
0709.0837
0902.4743
1004.1653
1001.4536
1110.5542
1205.4380
1302.5692
1308.0113
1212.0496
1406.2361
1501.07045
1508.04050
1602.06771
1503.06469
1702.02602
1611.00715
1801.09104
1808.00915
1806.10477
1904.06594
1907.02301
2005.01340
2009.09486
2010.13598
1806.08645
2201.03952
1912.06726
2207.06149
1902.01225
2102.09736
2110.05138
2303.03865
2212.06937
2306.10389
2402.01611
2305.16524
2406.08286
2312.09666
math__0009086
math__0409158
math__0607423
0708.0592
0710.5323
0902.0714
0909.1486
0910.2996
0912.4551
1104.2776
1109.5441
1205.6072
1208.4068
1206.0422
1309.1364
1406.1692
1410.6695
1504.03886
1510.06332
1502.04821
1603.05702
1511.09130
1501.01020
1510.02587
1610.05926
1704.07034
1805.00156
1808.08291
1901.09077
1501.04658
1907.10378
1810.10075
1812.05332
2003.09713
1810.06037
2010.07138
2101.04015
2104.03826
1808.04552
1009.0234
2112.04599
2102.01104
2203.08783
1804.08710
2208.07350
2212.06615
2302.02035
2305.15139
2307.12391
2212.11079
2212.12358
2403.04220
2301.08966
2407.19358
2409.19384
2406.11076
2403.16388
2107.02082
2505.19192
2506.22104
2509.05094
2505.14123
math__0006180
math__0310055
math__0506471
math__0605463
0704.2207
0710.3426
0803.0853
0904.0078
0902.4012
0912.2088
0704.2106
1001.2341
1108.1069
0910.2152
1108.0958
1206.2721
1209.4398
1302.1465
1306.1895
1211.5762
1401.7867
1406.5479
1409.2716
1410.0071
1504.07366
1506.02551
1506.05028
1601.07018
1505.06941
1606.00139
1501.00675
1607.06034
1603.08186
1707.00873
1709.01332
1711.10450
1707.08694
1405.2943
1809.05885
1812.04143
1811.07177
1909.04875
1811.05876
1907.09927
1810.01383
2004.09697
2006.03139
2009.06835
2010.05242
2011.09557
1911.12120
2103.02001
2101.06234
2105.12905
2106.02706
2108.06690
1910.08193
2112.06818
2202.13132
2109.09836
2207.13465
2003.05392
2105.04237
2211.12531
2212.14598
2212.09060
2303.14754
2209.08022
2306.05337
2302.07810
2309.01260
2307.13358
2311.03862
2112.12681
2312.14315
2401.17447
2210.00078
2404.01025
2310.19528
2309.08084
2408.00561
2408.10049
2305.10405
2411.15790
2406.13398
2404.00868
2409.09055
2312.05051
2411.19904
2204.10033
2407.13448
2506.23935
2508.11250
2403.19845
2308.14096
2308.15573
2512.03338
2511.03269
2509.18410
math__9810045
math__0009099
math__0106214
math__0207145
math__0306394
math__0403227
math__0408177
math__0412230
math__0506589
math__0507116
math__0603590
math__0610122
math__0701223
math__0508479
0802.0800
0807.1002
0809.3457
0811.4704
0903.5154
0905.4941
0903.1173
0911.4183
0812.0986
0903.5232
1008.1940
1011.5345
1101.2471
1104.1644
1107.1685
1105.2715
1112.0781
1201.0805
1112.1317
1204.1358
1209.5224
1203.1703
1302.4573
1304.4079
1305.4491
1307.5404
1108.3810
0805.1505
1311.3451
1401.4697
1202.2481
1406.2569
1407.2486
1409.1895
1410.7108
1412.3778
1502.01896
1504.04545
1506.03119
1507.08172
1402.5922
1510.08921
1511.08287
1507.02149
1502.04191
1602.03412
1603.09266
1602.08739
1601.03189
1609.02883
1603.02386
1610.09528
1612.09193
1703.09328
1602.08206
1606.05669
1703.03240
1607.07678
1309.6209
1711.08771
1704.08787
1802.01204
1412.8692
1805.04169
1806.10103
1808.05012
1809.05887
1504.05625
1812.05062
1801.05493
1712.07787
1903.05848
1808.08020
1906.05443
1907.09216
1712.05094
1909.11777
1910.09423
1905.10220
1810.04994
1910.00769
2002.10334
2005.06962
2004.14220
2005.14295
2006.08479
2006.05112
1902.00355
2004.04404
2007.05321
2012.08268
2101.07777
2102.03181
2102.12363
2103.08379
2104.06362
2104.12662
2006.15068
2105.11943
2106.11758
2107.11301
2002.02860
2109.00878
2109.11381
2110.14280
2109.03122
1809.02356
2103.08686
2201.09930
2202.06711
2202.13148
2203.13622
2204.07606
2004.06238
2108.03537
2206.01180
1812.00122
2207.11994
2112.02873
2209.04125
2210.03490
2211.01826
2212.03647
1911.01895
2210.12021
2210.04636
2303.06843
2310.06088
1609.06785
2305.03421
2305.16281
2306.07360
2306.10120
2307.15937
2205.05178
2307.09100
2005.06019
2310.03839
2303.07306
2006.03938
2209.10337
2312.06843
2401.05364
2401.06679
2305.01187
2304.14093
2403.09379
2308.12796
2308.05742
2404.17923
2405.03258
2403.03647
2406.08240
2307.13070
2407.11528
2407.10891
2311.11394
2408.13548
2409.03347
2409.15681
2410.07766
2303.11883
2410.17847
2411.08421
2411.19751
2306.17668
2501.00122
1908.01212
2501.07481
1808.01350
2309.15981
2502.18784
2503.03916
2503.13663
2503.14769
2504.04888
2503.02260
2503.21974
2304.05338
2505.08766
2505.11287
2505.16342
2506.04472
2506.13349
2506.22872
2504.21764
2507.20932
2508.05556
2508.14320
2508.21134
2509.04639
2509.06769
2509.11321
2403.19884
2509.22208
2510.02607
2311.05849
2510.10162
2510.17298
2401.14059
2404.13169
2511.09595
2511.13255
2507.06124
2511.21623
2510.12108
2512.08566
2601.00803
2501.16465
2508.00670
2512.24417
2311.14261
2601.09060
2601.14812
2601.18376
2506.13374
2602.01821
2602.07604
2602.11971
2507.12044
2503.22217
2602.19904
2602.22899
2603.04188
2503.05457
2603.12301
