1110.0605
math__0310134
0905.2621
math__0409360
1102.0261
math__0608228
math__0409598
1502.00872
1502.06526
1309.6952
1107.5511
1512.07577
1205.6522
math__0411366
0810.1279
1906.08737
1509.00258
1104.2111
1808.05415
0706.2868
1711.06169
0907.2080
1504.00700
0711.4657
2005.07738
math__0606553
1201.2991
1806.06129
math__0612141
1002.4604
2007.14505
0708.1741
1307.6894
1512.07580
2102.06275
math__0604414
1205.0074
1503.05010
1904.10805
2406.08925
math__0406615
1006.0797
1106.3644
1512.01602
2011.14796
2404.03971
0803.3594
1203.4318
1601.02307
1712.08276
2202.06394
2104.03121
0706.2922
0903.2722
0902.3626
1702.02425
1709.09519
1903.12647
2203.07194
2410.21537
math__0406475
0906.3061
1212.3539
1603.06251
1809.09782
1608.05314
1907.05537
2204.00295
2311.02418
math__0301221
0805.2187
1006.4677
1102.4597
1209.0414
1310.1159
1503.05008
1609.03276
1709.05872
1610.06509
1802.09555
1908.01106
1403.4381
2103.12762
2009.12670
1911.05914
2105.11483
2410.21524
math__0511590
math__0701165
0906.0855
math__0510039
1101.1195
1301.5087
1312.1608
1406.6229
1502.08017
1510.01467
1604.06001
1707.06615
1706.04095
1806.04804
1812.10527
1909.01631
2005.06682
2010.15722
2210.01522
1807.04305
2106.11115
2205.12116
2405.07724
math__0503301
0802.0600
0902.3436
0912.2126
1006.3568
1109.2883
1404.5191
1405.4408
1508.04021
1606.02490
1603.02456
1802.06718
1809.05923
1807.03266
2001.11477
2008.03474
1905.06281
1712.03300
2010.16226
2301.00305
2303.16793
2311.17883
2404.15896
2201.11738
2210.01962
2408.13302
math__0304286
math__0510072
0705.3485
math__0611011
0910.5699
1008.1714
1102.4931
1003.3618
0809.2495
1307.2963
1205.1488
1404.5477
1309.6120
1402.7108
1501.00703
1605.05112
0904.3449
1606.01722
1711.05343
1805.01703
1809.10408
1708.05275
1909.07639
2004.08684
2009.02303
1905.09620
2002.09991
2110.11061
2109.07418
1805.07749
2208.09516
2002.06640
2206.08546
2211.04464
2401.17076
2305.03120
2410.05598
2312.12356
2508.15731
2402.12251
math__9809104
math__0306371
math__0509102
0706.1771
0803.2694
0711.4961
0811.1448
0807.4957
0710.2509
0809.2627
1006.5347
1108.2934
1202.0684
1210.8192
math__0701325
1208.6005
1408.1072
1505.00220
1509.00618
1307.2765
1602.08627
1605.07745
1610.08459
1703.01001
1605.04489
1711.10747
1710.10476
1806.08038
1801.09532
1710.04153
1906.04248
1909.00069
1212.5853
1805.00294
1908.05668
2007.04788
2011.14357
1911.09594
2012.00853
2101.10989
2111.14293
2112.14751
2108.11304
2107.13901
2201.00192
2207.09702
2301.10751
2305.01041
2306.13350
2308.04531
2109.10827
1905.10102
2403.06244
2311.11403
2409.16094
2109.09634
2412.07475
2410.06792
2404.09032
2405.07873
2508.13315
2401.06584
math__9906039
math__0303297
math__0502410
math__0602016
math__0702604
math__0512165
0801.0010
math__0309336
0904.1790
0811.4539
0902.4197
1009.0732
1104.2458
1110.5625
1201.5239
1107.3608
1208.4070
1209.2847
1112.3837
1210.6519
1401.4585
1402.4414
1302.1932
1409.7274
1305.1914
1503.08326
1510.00483
1507.03384
1603.08181
1507.03913
1507.08723
1609.06599
1701.00113
1702.03303
1410.4432
1712.00560
1802.00969
1606.05606
1803.10113
1811.03876
1902.04866
1908.05880
1903.00081
1904.10314
1909.13835
1805.07002
1903.09192
2008.05295
2002.04336
2008.00486
1810.04306
2102.09834
2012.02167
2008.09029
1907.01454
2102.11913
2107.11086
2112.02940
2202.01573
2001.09736
2111.01250
2208.13897
2208.08313
2211.01782
1306.3215
2302.00729
2303.06781
2007.12982
2306.00853
2306.13597
2308.04747
2310.03503
2310.12925
2304.02446
2306.17009
2305.04042
2402.10094
2403.08030
2311.17628
2405.03773
2406.19816
2306.16331
2409.20464
2408.15977
2412.20494
2403.15987
2409.00219
2503.15274
2309.05304
2505.07742
2407.01203
2404.08606
2507.16062
2508.16787
2510.02277
2510.15795
2308.02094
2502.19165
2512.03951
2405.12917
math__0002025
math__0104136
math__0112307
math__0301209
math__0402441
math__0407242
math__0411055
math__0309465
math__0511040
math__0603391
math__0608436
math__0612084
math__0504133
0801.0504
0802.4414
0809.1760
0810.4960
0903.0333
0905.1879
0907.4553
0810.2578
1001.0557
0906.3330
1007.5099
1009.3065
1101.0143
0807.3859
0705.0736
1108.5386
1110.3294
1201.0059
1202.4803
1205.5332
1207.5488
1202.6494
1201.1767
1210.4056
1305.2961
1005.2666
1307.7218
1309.0922
1310.5357
1401.0275
1211.4401
1212.1517
1407.1210
1408.3481
1311.2974
1408.6728
1304.0257
1503.04379
1505.06446
1507.04685
1508.04036
1509.08737
1511.02467
1601.00697
1601.06193
1602.02482
1603.00807
1604.05887
1503.05064
1608.01112
1609.09297
1611.02249
1612.09482
1703.06224
1704.04286
1603.08768
1706.04835
1707.06137
1709.08086
1712.01637
1702.05769
1704.00303
1803.00180
1710.09784
1805.09836
1808.01164
1809.03002
1802.01827
1710.07666
1807.08979
1901.04694
1704.04747
1812.11222
1901.00323
1907.02695
1803.09378
1909.02524
1910.03542
1911.05141
1912.02111
2001.07924
2002.06671
1902.08720
1901.09580
1911.09364
2006.04542
2006.15996
2008.04199
1905.05636
2011.00729
2012.04246
1909.02361
2101.10481
2102.08051
2103.01561
1701.08359
2104.09421
2105.01462
2105.09604
2106.03652
2008.10677
2108.03415
2109.00344
2109.08831
2108.11786
2105.04958
1710.02028
2102.00096
2201.05350
2202.04443
1907.03209
2203.11392
2203.05345
2112.15515
2205.07760
2205.06589
2010.10656
2207.05702
2012.15718
2208.14716
2210.00505
2204.06123
2211.14600
2301.01199
2302.00430
2302.06515
2207.01378
2210.02146
2304.10956
1905.11288
2305.13537
2306.01625
2306.12683
2307.09289
2307.16552
2206.14629
2309.06637
2310.00502
2304.03008
2311.03118
2310.00186
2203.08789
2303.11839
2401.03366
2203.12140
2310.02647
2403.08087
2403.14827
2404.02679
2404.14166
2405.00498
2205.03683
2406.01490
2402.16296
2402.14662
2209.01660
2401.17250
2408.09080
2409.01837
2409.10150
2410.04674
2403.03211
2304.11227
2411.06432
2410.02019
2412.05519
2404.14597
2501.02129
2408.07039
2411.12333
2502.11146
2406.15884
2503.01002
2503.10963
2503.04317
2501.15779
2504.02409
2504.15579
2505.00682
2502.10368
2505.09326
2505.15598
2501.08559
2506.09788
2303.10813
2507.04220
2402.18170
2508.02285
2507.14803
2405.08799
2509.01417
2509.07241
2509.09992
2506.01501
2509.20930
2510.00854
2510.04254
2510.08861
2510.12324
2510.23580
2510.26660
2511.17544
2312.02883
2511.14402
2501.06662
2309.05216
2505.17432
2512.11211
2508.11526
2512.18364
2512.22518
2511.10531
2512.21147
2601.11472
2601.17597
2209.05693
2601.22721
2602.05990
2602.09241
2510.23369
2602.16602
2602.18033
2602.21184
2509.03371
2603.07840
2603.04856
