math__9810017
0806.1324
1702.00244
1412.1615
1512.08119
0712.0724
1202.2697
math__0111204
1803.05316
1605.03934
1908.02202
2011.08808
1308.1804
math__0610260
1104.1054
1807.10671
2004.02479
1307.8418
math__0011106
1112.4128
2101.10797
0902.4192
1808.04998
0810.4450
2006.01399
0804.0326
1401.0315
1908.03546
0808.3627
1502.05282
2010.10264
0910.0642
1212.3264
1908.02633
2310.16773
0708.1178
0711.1683
1601.03595
2004.03709
1712.00555
math__0702652
1103.3537
1406.6804
1711.00689
2002.01037
2404.06610
0902.1272
1304.5275
1607.04343
2006.10851
2307.02843
2410.13038
0807.1872
1012.3351
1406.5942
1707.02066
1607.03066
2004.01313
2208.02928
1602.03501
math__0605126
1007.0121
1401.1484
1208.4046
1709.06271
2004.00731
1806.06995
2210.08945
2307.06664
math__0208222
0710.5202
1009.3892
1112.2533
1302.4488
1408.2846
1311.2089
1511.00824
1801.08973
1012.4526
1903.03839
1909.08826
2005.02360
2007.00670
2102.04281
2108.02473
2208.07183
math__9911059
math__0411561
math__0606735
1010.0812
0803.2587
1207.0959
1207.2113
1401.2037
1409.2948
1412.1320
1506.01986
1512.04066
1707.08211
1807.06986
1812.05765
1907.01999
1411.3827
2005.05956
2110.07072
2103.00094
2002.03132
2004.07353
2202.12386
2410.00123
math__0602180
0806.0060
0904.1099
1002.4493
1105.6206
1302.5501
1403.6039
1501.03791
1509.07171
1608.01559
1703.08693
1803.04124
1802.07538
1806.10353
1903.03890
2008.10307
2001.10088
2110.05327
2101.09363
2108.04304
2209.09509
2402.11703
2302.04566
2305.07076
2306.02812
2306.09727
math__0306086
math__0602463
0708.4401
0903.0208
0909.4229
1011.2374
1110.2511
0903.3743
1302.4370
1307.4236
1312.7765
1405.2429
1412.8058
1410.6972
1312.2204
1312.4327
1605.02658
1701.07653
1607.03087
1610.08387
1804.03829
1807.09554
1910.01220
2004.10513
1905.10119
2007.03385
1901.05731
2111.14419
2105.03038
2204.10918
2209.01144
2301.13780
2205.00842
2311.15618
2402.12963
2406.00223
2207.02935
2504.04467
2409.10438
2304.08409
math__0007033
math__0404016
math__0606393
0707.1432
0806.0332
0706.1068
math__0610643
0902.1750
1002.2747
1101.5982
1002.3926
1205.5697
1208.2032
1304.5295
1308.2485
1403.0536
1402.7211
1505.02430
1504.03348
1407.7130
1603.02614
1606.04320
1611.02437
1601.00301
1501.04664
1802.06707
1707.06288
1710.04634
1803.10532
1611.02267
1907.09416
1506.04887
1911.12717
2002.05811
2005.05243
1904.12182
2010.06673
1809.01734
2012.11648
2105.04251
2110.09381
2201.01967
2101.02791
2005.13861
2208.07028
2111.00147
2210.08663
2305.05361
2105.06832
2308.14661
2310.09220
2403.01167
2405.17135
2310.08324
2409.18830
2410.22876
2401.13517
2502.18557
2405.14703
2109.02144
2410.06320
2504.18266
math__0006008
math__0307185
math__0408040
math__0603298
math__0610934
0709.2461
math__9911207
0709.3778
0905.4883
0912.1012
1004.2547
1011.4802
1106.1979
1111.2220
1202.0431
0907.5339
1207.0860
1209.4114
1306.3046
1304.0021
1401.7748
1406.3513
1409.0645
1409.8062
1501.01790
1506.07995
1506.02931
1402.6659
1604.04746
1211.0054
1608.06340
1412.0211
1701.04611
1706.08395
1610.02073
1612.02885
1802.06838
1802.03978
1809.01736
1811.10039
1905.07919
1810.08570
1911.02631
1907.05104
2003.02124
2004.05464
1904.04159
1712.02652
2003.01964
2011.06903
2101.08805
2103.00278
1807.00153
2007.02900
2102.08290
1906.12275
2008.02126
2012.02886
2010.15490
2204.02749
2206.01416
2208.14395
2101.09100
2107.07621
2212.11865
2003.11757
2303.14231
2208.02476
2306.04534
2301.08418
2305.02293
2310.05550
2208.06529
2311.18191
2310.10475
2312.02291
2402.14557
2403.13165
2101.09853
2404.03224
2407.21706
1907.00702
2407.13951
2406.15137
2406.12617
2312.17023
2308.05119
2402.00206
2504.11099
2505.10761
2506.01717
2506.23651
2506.12429
2404.16321
2308.11753
2407.18417
2411.06636
2503.08832
2602.15358
math__9503217
math__0006161
math__0106146
math__0204140
math__0305049
math__0403164
math__0408023
math__0412001
math__0506470
math__0511639
math__0605112
math__0608503
math__0612089
math__0608770
0801.4923
0803.1133
0809.3394
0811.2505
0903.3678
0905.3074
0908.4318
0911.4048
1001.4071
1005.2653
1008.1692
1011.4686
1101.1613
1104.0563
1106.0772
math__0406348
1111.3489
1112.0094
1204.3244
1206.3916
1209.1932
1210.7514
1302.2774
1209.4436
1305.4034
1306.6250
1201.6650
0804.1820
1311.1146
1401.4259
1403.3672
1406.1251
1407.2287
1408.6153
1401.1172
1412.3760
1501.06889
1410.5839
1505.07736
1507.05205
1509.00763
1408.0321
1509.03649
1401.0149
1601.07104
1602.02826
1603.03621
1602.07328
1606.06777
1604.03999
1610.00905
1410.3387
1608.00424
1605.04142
1609.08396
1106.1063
1706.09692
1703.04685
1704.00209
1711.08579
1406.0815
1802.00960
1703.03229
1805.03032
1805.10951
1808.06464
1809.04712
1803.01075
1812.03947
1801.03357
1902.00523
1903.02991
1904.01384
1906.03904
1907.09933
1908.05074
1909.08419
1910.09148
1910.03121
1912.10800
1904.05565
1910.01014
2003.11541
2004.13711
1911.09346
2006.07997
2006.15836
1911.11469
2008.11912
2003.13959
2012.08043
2010.11276
2101.10489
1410.6127
2103.07572
2104.04425
2104.12188
2105.02549
2105.11736
2106.05334
2107.10526
2105.12316
2109.00589
2109.10996
2110.10559
2111.07461
2112.00211
2112.13402
2201.09401
2010.04961
2202.12772
2203.12490
2204.05661
2205.04171
2205.08872
2108.05856
2206.12855
1707.00488
2201.09819
2209.02400
2208.11332
2110.05985
2211.16896
2301.08672
2302.00744
2302.06851
2202.00084
2303.17575
2305.00272
2303.03813
2305.15279
2303.11978
1805.00469
2305.06112
2308.00861
2308.09806
2309.00337
2304.09000
2310.16636
2311.07088
2303.11826
2312.05228
2305.05655
2301.05988
2401.18078
2310.08380
2403.17961
2403.17558
math__0510057
2404.17002
2405.01752
2405.17748
2405.02185
2406.18399
2407.18959
2407.21129
2407.15765
2404.08422
2409.02744
2409.12835
2410.07734
2306.15458
2402.10640
2303.16174
2404.08430
2411.16309
2412.21182
2406.15256
2501.12014
2111.09948
2502.11795
2502.17854
2503.03445
2503.13190
2503.03439
2405.19529
2504.12846
2410.08702
2503.01687
2505.08697
2503.02477
2401.05974
2503.10524
2411.06210
2506.22847
2507.07869
2507.20820
2508.05482
2508.11615
2310.03445
2509.03450
2505.01899
2509.11423
2509.20019
2509.21564
2510.00979
2510.03953
2408.16539
2510.12937
2510.24415
2105.12801
2510.22653
2511.02425
2511.15264
2409.12920
2404.06408
2510.00488
2512.12096
2512.15485
2512.18891
2512.22794
2601.06567
2501.03942
2601.14020
2501.09243
2601.21843
2505.05051
2406.10624
2602.10000
2602.14332
2406.00417
2602.19860
2602.22373
2512.22797
2503.23871
2512.05232
