0905.0465
math__0310337
1610.09640
1503.00991
1005.3248
1710.02230
math__0501383
0708.2185
1002.1372
1503.05523
math__0304277
math__0212065
1911.04630
0801.0199
1612.02762
1401.7220
math__0405226
1706.07526
0905.0299
1306.5144
2103.17141
1108.3909
2208.08722
1710.10238
2207.07063
1102.0981
1308.4940
1909.12203
math__0611930
1511.02920
math__0304284
1106.5198
1409.5934
2006.01631
math__0304279
0907.2566
1312.5910
1610.06908
2108.06168
2403.01651
0708.3937
1105.3104
1507.02886
1609.04597
1812.02935
math__9904039
0910.2539
1405.6973
1604.08569
2012.14641
2109.11934
math__0203273
0808.1972
1201.6593
1412.6560
1309.6039
1906.02310
2102.05190
2102.00634
2502.03477
math__0608680
1107.1227
1406.1751
1701.08189
1712.02523
1112.3076
1903.00282
2304.05965
2406.09832
math__0607100
0811.0404
1004.0160
1204.5681
1209.3606
1409.4688
1110.3055
1511.08659
1802.10425
1711.00744
1710.04799
2005.04831
1303.2500
2201.03466
2106.12975
2009.10024
1910.11189
math__0212377
math__0611317
0802.1946
math__0305317
1201.2970
0902.0742
1308.6495
1104.5689
1403.5726
1409.8192
1604.03287
1705.10189
1712.06033
1608.05905
1808.05545
1812.00652
1808.09738
1701.02152
2206.02744
1709.00658
2204.09547
2308.01131
2301.11424
math__0106094
math__0610435
0809.2161
0907.0978
1010.5304
math__0506521
1304.1331
1410.3218
1309.4070
1510.05809
1308.6548
1710.03198
1611.02211
1805.04126
1605.09699
2004.14895
2007.04485
2107.03880
2202.12113
2105.09257
2004.12760
2309.09761
2204.00938
2311.15342
2406.15895
2307.16337
math__9910006
math__0404233
math__0006091
0711.1181
0708.1348
0909.4715
1010.4527
math__0605037
1207.1923
1303.0376
1304.6883
1402.0253
1404.6365
1401.6247
1510.05323
1601.01205
1609.04072
1703.03007
1611.05157
1803.02683
1710.06939
1901.01594
1803.06651
2001.00284
2005.10015
2005.07937
2104.05616
2110.02804
2201.05992
2204.08794
2205.11056
2203.03249
2207.13452
2308.16843
2304.00447
2311.18638
2409.03742
2305.01494
2405.02990
2202.00534
2312.16645
math__0104164
math__0410202
math__0610500
0711.4904
math__0510594
0903.2627
0909.3162
0907.3335
1010.0146
1012.3870
1110.5293
1206.2946
1204.6723
1307.0265
1303.5265
1406.4791
1405.2618
1311.3712
1507.02128
1512.03290
1603.06056
1501.03690
1701.03028
1704.07257
1611.09148
1704.08086
1805.02281
1810.12213
1902.08666
1811.03993
1902.04555
1910.05617
1806.08197
1910.06531
2005.09135
2002.02204
2001.10646
2104.03832
1904.02506
2109.01513
2009.14023
1702.00224
2106.08896
2205.13686
2208.14992
2212.07064
2009.07302
2201.01236
2103.00938
2010.11287
2206.03294
2403.09264
2406.03969
2301.04541
2302.06428
2303.14907
2303.11957
2302.06273
2505.18329
2406.17677
2303.13865
2410.08933
math__0012019
math__0401347
math__0506310
math__0606733
0705.0462
0711.0299
math__0411543
0904.1553
0809.4336
0912.4708
1003.5492
1007.1890
1108.3724
1112.2542
1202.1004
1206.3439
1210.4421
1302.5652
1303.5638
1310.1887
1403.5873
1406.5762
1409.3506
1306.3703
1409.7860
1507.02220
1408.2524
1602.02515
1605.00842
1606.05527
1512.01353
1610.07164
1512.04389
1707.01868
1701.05510
1602.07973
1803.03311
1806.00883
1802.00488
1812.03601
1907.00372
1904.00161
1903.01639
1808.08513
2003.06375
2004.10482
2006.03251
2009.07320
2010.04622
1801.02343
2102.04818
2103.04560
2104.13239
1905.07460
2103.01613
2102.05877
2106.14743
2112.14051
2108.00390
2204.04920
2103.06003
2209.08658
2105.04355
2010.10069
1801.07404
1710.08068
2303.16419
2202.07069
2306.06619
2206.03868
2106.01868
2310.07785
2311.07489
2312.03972
2312.17033
2311.11763
2403.19681
2312.14908
2405.13212
2407.04012
2401.01071
2301.06420
2410.02578
2405.19474
2308.11967
2211.02688
2502.10968
2504.01057
2106.15390
2505.15786
2405.06912
2507.00146
2412.19697
2404.00900
2509.07645
2407.17105
2504.12965
2602.03739
2510.14716
math__9810058
math__0009107
math__0108017
math__0206124
math__0309209
math__0309296
math__0309185
math__0412304
math__0306127
math__0601603
math__0507349
math__0611101
math__0701767
0707.1609
0802.1833
0803.3608
0809.3676
0812.1674
0904.0125
0906.1125
0909.1793
0807.2874
1002.1122
0903.4276
1007.1555
1011.6077
1009.1678
1104.2360
1103.2273
1109.2091
1102.2048
1106.5434
1109.5785
0812.0287
1110.2613
1211.2314
1302.4521
1304.5909
1305.4607
1307.5969
1308.2491
1307.0068
1312.0432
1401.6574
1404.1485
1406.3300
1407.3994
math__0608790
1401.8116
1412.3198
1502.07929
1504.06114
1506.00887
1503.07072
1406.6928
1511.00746
1510.08026
1503.02783
1502.01923
1602.03867
1604.00880
1605.09206
1501.01739
1609.03023
1610.07281
1603.06435
1702.04895
1703.10703
1607.02438
1510.04724
1707.00868
1608.01148
1706.04909
1711.09328
1703.05854
1802.04072
1803.06366
1510.07133
1807.02014
1709.01043
1809.10481
1711.06331
1811.06460
1811.10060
1902.06074
1903.06982
1904.11736
1906.02056
1907.09666
1901.05087
1909.12757
1910.10676
1610.05145
1912.12658
2002.01016
2003.02058
1910.08757
2004.14731
2005.14492
2006.11189
2004.09654
2006.10375
2010.10636
2011.13070
2012.08669
2101.08727
1812.06242
2010.09216
2103.08655
2104.06537
2104.13487
2105.05372
1903.02438
2106.11458
2107.11753
2108.06288
2003.10245
2109.14123
2110.00930
2111.01000
2112.06034
2103.01326
2102.09789
2202.07786
2009.09195
2204.01032
2204.10630
2205.05310
2205.09260
2112.08695
2206.13725
2203.16179
2208.13735
2209.08158
2209.09679
2211.03076
2212.05453
2301.10039
2302.02757
2208.00314
2303.08614
2304.03725
2208.03453
2207.10041
2306.11659
2207.13816
2307.04383
2203.06596
2308.01662
2205.15297
2309.11953
2309.16404
2205.03097
2311.08926
2304.14788
2201.10754
1806.05342
2209.15048
2305.02581
2403.02672
2403.09478
2403.05032
2404.12313
2404.18795
2405.03793
2405.20811
2406.19409
2407.01849
2306.11169
2408.00514
2408.07564
2407.16782
2409.05062
2404.08082
2302.05417
2410.17615
2407.18708
2411.10530
2411.19863
2412.03239
2501.00416
2501.14793
2501.14561
2502.05005
2502.12439
2502.20474
2503.06577
2503.22699
2503.20024
2504.05274
2502.04930
2305.06075
2505.02535
2505.08897
2505.11723
2505.22832
2501.14429
2506.14007
2506.23413
2507.07922
2507.23403
2508.18275
2502.05306
2508.21609
2509.05070
2509.08144
2508.11611
2410.00675
2509.22575
2409.14861
2510.01946
2510.10317
2506.06847
2510.25248
2511.05012
2511.09849
2511.13547
2507.04155
2303.11769
2512.03371
2504.06200
2505.15534
2512.05631
2512.20717
2502.01833
2502.02517
2601.09544
2601.15534
2601.19200
2409.09494
2511.03500
2511.17152
2602.12239
2601.16729
2602.17160
2509.04435
2602.23532
2512.12556
2603.07595
2603.12302
