2311.05789
math__0111205
1004.0993
0906.4931
1405.6881
0708.1921
0902.1954
1203.3253
1301.3191
1101.3064
0910.2733
1405.7805
1005.3251
math__0007009
1101.2363
1702.02681
1405.7270
1001.2366
1805.07635
math__0506168
1701.00567
math__0703204
1503.07585
math__0407463
1807.02650
math__0403237
1210.1174
1507.00503
math__0604416
1110.4753
1802.09889
0712.2525
1211.1555
1605.05607
1708.07540
math__0602079
1204.2703
1502.05530
1606.08649
2107.03858
math__0306109
0804.3587
1304.6974
1406.3219
1904.09091
2311.12746
math__0410412
1208.1919
1412.7599
1606.04999
2105.01724
2306.08115
math__0605606
0909.5590
1304.6871
1206.4284
1609.08086
1704.08386
2109.11954
2111.14495
math__0304287
0811.3547
1112.1284
1507.01460
1809.06940
1908.10987
2006.12416
1812.03255
2204.02590
math__0006061
math__0211037
1005.0949
1103.6009
1201.0413
1306.2072
1412.2009
1404.2156
1708.01050
1610.00037
1902.03831
1906.01322
2009.00405
math__0605304
2009.05545
2108.03545
2003.05806
2210.01565
math__0504282
0712.3296
0810.5684
1003.4850
1009.3384
1203.2881
1311.7642
1404.4610
1304.6959
1409.6254
1607.07407
1707.00875
1510.08934
1806.02524
1911.08770
2007.14442
2012.15703
1809.00275
1908.10200
2303.06206
2010.01072
2202.12012
2002.02554
math__0502075
math__0006052
0812.1464
0909.5270
1104.3630
1301.6056
1302.6946
1410.6395
1407.1817
1512.04083
1606.05009
1702.05595
1704.02401
1905.05625
1904.11307
2006.07077
2102.13321
2102.05192
2012.05190
2006.07843
2211.00380
2307.14461
2406.12127
2312.09889
2304.05179
2507.07807
math__0203084
math__0504037
math__0612299
0803.2429
0812.4685
1007.2884
1010.2599
1106.5331
1110.1711
1111.2952
1106.1977
1312.1272
1410.0904
1303.1115
1512.03698
1505.04987
1508.07789
1407.6969
1707.03693
1706.09575
1712.06248
1402.7151
1907.04714
1909.10211
1911.01267
1702.08822
2010.00319
2001.05432
2203.11845
2103.16394
2208.09509
2103.05191
2206.00698
2105.04775
2301.09205
2404.14509
2410.02014
2502.09337
2508.07737
2211.02507
math__9805102
math__0306174
math__0211389
math__0506600
0803.1408
0810.2398
math__0509674
0912.1404
0809.4323
1012.1949
1109.2040
1204.2185
1206.1203
1004.1488
1311.1852
1404.0628
1407.7435
1311.3074
1412.8626
1511.02828
1602.04163
1605.01555
1610.02453
1510.00669
1701.03778
1709.10484
1803.05060
1806.02376
1812.07272
1903.04435
1701.05139
1908.08488
1911.00130
2001.02874
1808.09905
2001.04774
2011.11747
2004.06854
1906.01491
2106.10490
2105.10822
2103.16770
1811.02710
2204.09285
2206.01994
2210.14332
2003.13039
2201.13400
2203.01788
2308.06336
2111.11311
2005.01953
2404.18325
2404.00249
2402.01396
2206.14033
2405.00398
2310.19428
2304.09273
2406.13240
2508.07736
2409.00389
math__9907150
math__0212197
math__0310027
math__0512453
math__0610110
0706.1393
0710.3853
0808.1627
0904.3964
0911.1689
1001.2628
1008.3260
0902.2259
0804.2663
1112.5563
1101.4921
1005.4236
1205.6066
1304.3033
1307.8307
1401.4772
1404.7788
1303.0153
1409.6427
1412.6660
1505.07782
1510.00211
1501.01999
1603.05448
1605.06378
1607.04986
1602.04553
1612.06541
1703.10696
1707.07453
1711.00559
1707.02098
1607.02609
1801.08528
1810.11637
1809.02229
1908.04132
1211.2309
1911.10060
2002.02762
1811.12255
2005.11518
2007.14345
2007.16180
2010.09837
2012.11800
2102.09787
2104.00666
2011.14335
2106.01878
2003.02935
2102.07513
2104.09840
2011.01702
2203.10711
2205.12235
1903.01152
2207.08324
2107.01778
2212.00542
2301.12722
2101.00077
2304.07539
2301.06165
2306.06436
2207.13589
2310.00279
2310.11006
2308.06859
2305.02906
2401.06414
2402.07286
2403.01939
2305.15209
2406.02788
2310.08374
2210.13443
2311.00601
2407.12840
2303.16740
2403.00695
2502.05958
2312.06237
2504.06522
2403.06911
2111.14796
2310.15804
2507.14379
2509.05900
2509.24810
2302.11001
2511.05425
2502.11939
2404.15191
2502.14134
math__9912060
math__0101154
math__0110273
math__0303175
math__0402061
math__0404405
math__0111196
math__0505104
math__0509438
math__0602551
math__0510281
math__0612083
0706.0315
0708.2866
0802.4181
math__0702667
0809.4970
0901.4886
0905.0807
0907.3259
0909.5010
1001.0758
0911.0123
0708.1677
1009.0803
1007.4138
1103.5251
1105.4710
1004.4338
1110.0767
1112.6295
1106.5010
1205.2547
1108.5741
1107.4620
1301.0660
1303.3337
1207.3694
1305.4040
1307.7574
1309.0361
1307.6924
1312.4642
1402.6085
1310.1529
1405.3356
1408.3376
1409.0344
1411.3038
1303.3670
1503.03733
1203.5358
1507.02344
1508.03688
1510.01775
1504.02297
1512.06981
1601.04998
1602.01759
1211.1877
1604.05883
1605.08992
1608.01599
1609.05642
1610.09523
1612.07447
1502.05348
1704.02623
1603.03351
1706.03620
1709.06403
1511.09332
1611.07246
1712.03409
1801.08903
1802.08521
1804.07857
1805.07169
1404.6997
1809.00963
1810.04291
1812.00046
1812.10941
1901.08591
1902.07703
1810.08828
1905.09617
1902.09391
1802.04343
1909.02259
1910.02540
1911.02478
1403.5405
1901.10717
2002.06004
1808.06104
2004.08741
1909.07620
2005.07183
2006.12313
2007.14784
2009.06127
2010.15182
2011.08561
2101.02031
2101.10480
2102.07042
2103.01441
2010.06319
2102.00999
2105.01135
2105.08332
2105.08152
2102.03178
1907.10365
1905.02888
2109.08064
2005.05311
2004.14361
2111.14656
2112.10198
2201.06520
2111.06965
1905.10690
2203.09133
2202.06805
2204.13795
2205.07093
2104.11399
2104.12498
2201.01136
2208.01133
2208.13242
2112.10072
2106.14066
2211.14421
2301.01034
2301.10952
2302.04207
2303.03867
2211.10932
2304.08334
1006.0048
2103.03105
2305.19042
2304.13580
2307.08183
2207.06765
2110.00239
2305.16667
2309.15544
2209.00161
2308.01798
2309.12093
2201.03516
2303.00879
2401.01863
2401.13583
2311.14965
1702.06388
2403.14475
2205.04890
2404.12924
2210.00302
2211.12122
2406.01106
2310.18673
2302.05303
2407.18971
2408.03529
2408.08721
2408.16581
2404.12884
2104.08583
2410.13078
2410.19520
2411.05356
2410.08373
2412.15231
2411.07328
2501.01882
2501.14799
2501.17869
2501.02659
2502.14941
2502.21288
2008.11180
2503.06711
2503.21434
2504.07953
2311.16355
2504.21551
2408.00393
2505.09080
2505.13850
2506.00170
2505.07343
2308.03067
2507.01869
2303.01643
2508.00727
2508.10323
1612.09375
2509.01233
2508.17794
2508.13106
2509.16626
2404.16140
2509.26563
2201.09551
2510.07565
2510.11672
2510.23531
2510.26465
2511.06945
2511.12724
2511.14325
2511.17024
2511.23206
2510.23767
2511.07039
2512.14988
2408.05289
2512.22078
2507.19317
2601.07807
2511.07314
2003.03688
2601.20322
2510.01131
2602.05689
2602.08954
2602.09780
2602.16381
2602.17917
2602.21083
2603.00896
2603.07773
2212.02444
