math__0608040
2311.05789
1110.0605
1901.01453
math__9810017
0908.3347
0905.0465
2002.06055
0905.0462
math__0111205
math__0310134
0706.1286
0806.1324
math__0702535
math__0310337
1905.09566
math__0102087
1004.0993
0905.2621
0708.3398
1702.00244
1305.0086
1610.09640
math__0107188
2401.14311
0906.4931
math__0409360
1205.4473
1412.1615
math__0410328
1503.00991
2003.06663
1209.2995
1405.6881
1102.0261
1310.8279
1512.08119
1009.2331
1005.3248
1609.05382
math__0201017
0708.1921
math__0608228
1301.1053
0712.0724
1809.00738
1710.02230
math__9906038
0901.3602
0902.1954
math__0409598
1301.5206
1202.2697
1805.03776
math__0501383
math__0607271
0705.0102
1203.3253
1502.00872
1801.02927
math__0111204
math__0207281
0708.2185
math__0409473
1409.4219
1301.3191
1502.06526
1512.07573
1803.05316
math__0607646
1002.1372
2311.00200
0905.0459
1101.3064
1309.6952
1208.1749
1605.03934
math__0608420
1503.05523
math__0106050
0907.2460
0910.2733
1107.5511
1409.2165
1908.02202
1705.07442
math__0304277
math__0702299
1212.6283
1405.7805
1512.07577
1705.04960
2011.08808
math__9812040
math__0212065
math__0210047
1006.3930
1005.3251
1205.6522
0910.1306
