0811.1480
1106.4853
0911.3845
1205.1488
1312.1445
1411.5779
1402.7108
1507.04685
1510.02714
1512.06981
1302.7019
1612.07447
1705.02831
1610.05904
1602.07973
1808.06242
1907.09015
2002.12813
2003.11950
2004.05907
2003.01387
1911.01267
2012.03258
2005.05271
2107.10982
2108.03415
2108.03416
2111.03850
2111.01000
2111.13837
2112.00211
2112.12977
2201.11273
2202.13148
2204.01634
2204.04920
2205.07093
2205.08872
2205.09260
2205.09264
2205.09267
2205.09660
2111.01250
2209.04169
2210.05527
2208.00314
2105.01814
2302.14474
2210.01720
2305.03421
2305.19042
2306.04534
2307.04383
2303.14049
2304.03008
2310.16636
2312.12195
2405.03979
2306.13610
2310.18673
2308.10673
2407.04012
2407.16941
2306.04432
2502.11795
2502.18257
2505.08697
2507.09109
2508.16302
2510.27557
2511.06945
2502.10323
2509.06193
2512.18663
2512.19948
2601.09060
2603.07773
2603.04856
