math__0701223
0705.4406
0708.1921
0708.2185
math__0601575
0705.0102
0712.1864
0801.0199
0712.0724
0802.4414
math__0510594
0809.3457
0901.0618
0706.1286
0904.1099
0905.0459
math__0509674
0905.0595
0908.3347
0911.0977
1001.0905
1004.0993
1004.1653
1006.4677
1009.0110
1011.4686
1009.1678
1104.0563
1106.1606
1109.0106
1109.5441
1112.4128
1202.0426
1106.2218
1101.1195
1207.4296
1204.6723
1211.2314
1302.1729
1301.5206
1206.0422
1307.4236
1308.6495
1310.5357
1306.2072
1309.1364
1404.3955
1308.1804
1406.2361
1407.1012
1409.2148
1410.3218
1411.7107
1304.0257
1309.4070
1505.02430
1503.08326
1507.08172
1502.03925
1510.08921
1506.04317
1601.02158
1501.06824
1603.03621
1304.0867
1503.05064
1503.05523
1312.4327
1607.04870
1610.07281
1612.07447
1512.01602
1703.10671
1606.08649
1706.08395
1707.06007
1709.01717
1710.04632
1709.05872
1801.08903
1803.00180
1606.04999
1512.07573
1805.08290
1807.02627
1808.08291
1810.01023
1803.02304
1812.10941
1902.00523
1903.03926
1808.08020
1906.00259
1607.03066
1901.05087
1909.09333
1910.10676
1904.08541
1706.07526
2002.02762
2002.05811
2004.08516
2005.01340
2005.14104
2006.11189
2007.12716
1904.12182
2007.06536
1905.10119
2012.04246
2003.02254
2005.05956
2010.09216
2103.08655
2001.10088
2105.01462
1905.07460
2103.01613
1901.01453
1603.06557
1809.05610
1806.08645
2111.00439
2111.14293
2112.10198
2201.06520
2202.08018
1908.02202
2202.06805
2204.13795
2205.09264
2206.11244
2205.11056
2112.02873
2106.12975
1612.05139
2107.01778
2211.16896
1801.07404
2210.12021
2303.03867
2303.14754
2205.13356
2305.03421
2212.13541
2304.13580
2307.12391
2207.13589
2205.15297
2303.10331
2209.00161
1805.03776
2311.03862
2112.11170
2303.11839
2107.12356
2401.18078
2210.08582
2306.08115
2310.05384
2404.19642
2405.16468
2306.13610
2312.13074
2407.21706
2311.16827
2203.16351
2409.20464
2410.13038
2208.07183
2406.15137
2412.07475
2501.00416
2501.08993
2306.02812
2406.15884
2302.06273
2503.20024
2311.14643
2505.00682
2501.11620
2505.18329
2506.08246
2506.23413
2507.20768
2508.11615
2509.01233
2509.09992
2404.02017
2510.02748
2503.20664
2407.17105
2511.11387
2202.00135
2510.00488
2512.17170
2501.18404
2601.14020
2510.01131
2602.09241
