math__9503217
math__9805102
math__9808068
math__9809104
math__9810017
math__9810053
math__9810045
math__9810058
math__9810059
math__9901091
math__9901139
math__9903004
math__9904039
math__9906038
math__9907150
math__9909030
math__9812040
math__9911059
math__9912060
math__9910006
math__9906039
math__0002025
math__9902151
math__9812097
math__0003137
math__0004160
math__0005125
math__0006008
math__0006061
math__0006161
math__0006180
math__0007033
math__0009099
math__0009107
math__0009145
math__0009086
math__0011106
math__0012019
math__0012173
math__0101115
math__0101154
math__0102087
math__0104136
math__0104164
math__0002216
math__0105256
math__0106065
math__0106094
math__0106146
math__0106214
math__0106240
math__9912059
math__9912075
math__0107188
math__0108017
math__0108147
math__0109021
math__0110014
math__0110273
math__0111061
math__0111205
math__0008117
math__0007009
math__0112307
math__0201017
math__0111204
math__0203084
math__0010253
math__0204140
math__0204279
math__0207145
math__0206124
math__0209035
math__0203273
math__0212065
math__0212197
math__0212219
math__0212377
math__0301221
math__0303083
math__0303175
math__0303297
math__0301209
math__0304053
math__0304277
math__0304279
math__0304284
math__0304285
math__0304286
math__0304287
math__0304288
math__0305049
math__0208222
math__0305254
math__0306174
math__0109088
math__0306371
math__0306394
math__0306109
math__0307185
math__0309018
math__0309209
math__0310055
math__0306086
math__0310337
math__0304026
math__0311021
math__0312476
math__0401347
math__0402061
math__0209093
math__0402441
math__0403081
math__0403164
math__0403152
math__0403214
math__0403227
math__0309296
math__0404016
math__0312422
math__0404216
math__0404233
math__0404286
math__0404399
math__0404405
math__0405226
math__0403237
math__0406475
math__0406310
math__0407242
math__0407251
math__0408023
math__0408177
math__0408306
math__0309185
math__0409158
math__0310134
math__0407463
math__0409339
math__0409360
math__0406615
math__0409473
math__0409475
math__0409477
math__0410202
math__0410230
math__0310027
math__0410555
math__0111196
math__0411055
math__0411366
math__0411408
math__0411478
math__0406061
math__0411507
math__0412001
math__0412230
math__0412304
math__0501086
math__0211389
math__0501383
math__0501400
math__0502075
math__0408120
math__0502410
math__0503151
math__0409598
math__0504037
math__0504282
math__0505104
math__0309465
math__0306361
math__0408040
math__0506451
math__0506470
math__0506471
math__0506589
math__0410412
math__0506310
math__0507447
math__0306127
math__0301271
math__0508379
math__0509102
math__0509266
math__0509318
math__0509438
math__0503301
math__0510072
math__0501489
math__0412478
math__0511040
math__0511367
math__0511590
math__0511639
math__0507116
math__0503306
math__0512194
math__0512453
math__0502550
math__0601603
math__0601777
math__0602016
math__0602079
math__0602180
math__0509596
math__0511068
math__0602463
math__0602551
math__0601386
math__0603391
math__0603348
math__0603298
math__0604416
math__0512349
math__0604549
math__0605112
math__0603590
math__0605126
math__0605463
math__0512076
math__0605606
math__0509655
math__0006091
math__0507349
math__0606393
math__0606472
math__0606553
math__0410328
math__0606704
math__0606733
math__0607100
math__0607271
math__0604414
math__0607423
math__0607462
math__0607646
math__0106050
math__0510281
math__0608436
math__0608452
math__0602084
math__0608503
math__0604569
math__0608774
math__0604412
math__0411561
math__0609808
math__0610110
math__0610122
math__0610260
math__0610435
math__0610439
math__0610500
math__0408298
math__0611101
math__0509056
math__0601418
math__0611701
math__0611821
math__0612083
math__0612084
math__0612088
math__0612089
math__0612727
math__0611317
math__0701223
math__0612141
math__0701457
math__0701746
math__0701767
math__0702290
math__0612299
math__0702535
math__0702588
math__0702604
math__0702652
math__0702574
math__0703119
math__0610552
math__0608680
math__0610934
0704.2207
0704.3976
math__0604542
0705.0462
math__0506600
0705.3485
0705.4334
0705.4406
math__0612175
0706.0315
math__0504133
0706.1393
0706.1771
0706.1835
math__0207281
math__0606067
0706.2307
math__0608760
0706.2922
math__0608770
math__0601383
0707.0835
math__0508479
0707.1432
0707.1609
0708.0592
0708.1178
math__0512165
0708.1921
0708.1925
0708.2185
math__0601575
0708.2570
0708.2761
0708.3308
0708.3937
0708.4401
0709.0837
math__0006052
0709.2461
math__0702299
0710.1120
0710.3426
0705.0102
math__0608420
0708.2866
0711.0299
0711.1181
0711.1859
math__0703713
0711.3659
0711.4657
0711.4904
0712.0418
0712.0890
0712.1319
0712.1864
0712.2525
0712.3296
0710.3853
0801.0010
0801.0199
0801.0504
0711.4401
0801.4923
0802.0600
0802.0800
math__0306223
0802.1833
math__0211037
math__0701165
math__9911207
math__0210047
math__0306018
math__0312339
0712.0724
0802.2885
math__0606735
0802.3511
math__0703457
0802.4181
0802.4414
0708.1741
0803.0853
0803.2429
0803.3594
0804.0326
0801.4107
0803.1408
math__0611011
math__0411543
0803.2694
0805.1441
0805.2187
0806.0060
0806.0308
0806.0332
0806.0569
0806.1540
0711.0324
0803.1133
0708.2659
0710.5202
0710.5323
math__0510594
0807.0658
0807.1002
0807.1872
math__0506313
math__0512106
0711.0674
0803.3608
0807.4123
0807.4256
0708.1897
math__0608040
0808.1519
0808.1627
0808.1972
math__0702667
0809.1760
0806.1079
0809.2161
0802.1946
0809.3023
0809.3394
0809.3457
0808.3627
0809.3676
0809.4343
0809.3575
0809.4518
0809.4970
math__0309336
0809.2070
0810.1279
0810.2398
0810.4960
math__0602497
0811.0318
0811.2505
0811.2627
0811.2684
0811.3215
0811.3547
0811.4704
0805.2778
0711.4961
0812.1464
0812.1674
0901.0618
0706.1286
0901.2372
0812.0150
0809.3881
0901.4886
0706.1068
0902.0714
0902.1272
0709.3778
0902.3436
0902.4016
0903.0208
0903.0333
0902.4743
0806.1324
0903.2868
0811.0404
0903.2627
0903.3678
0903.5154
0902.2554
0904.0125
0904.0078
0904.1099
0904.1553
0904.1678
0802.0952
0904.2486
0904.2685
0708.1348
0904.3137
0904.3961
0904.3964
0904.1790
0904.4167
math__0703204
0905.0299
0905.0459
0905.0465
0802.0097
0905.0807
0905.0462
math__0608228
0905.1879
0710.2497
0905.3074
0904.0634
math__0509674
0905.4883
0905.4941
0902.4012
0906.1125
0809.4336
0712.0617
0811.1448
0906.3061
0901.1627
0901.4403
0906.4594
0907.0061
0906.1286
0905.0595
0907.0978
math__0611930
0907.2361
0907.3259
0812.4685
0907.3961
0907.4553
math__0610643
0908.2168
0908.3347
0908.4318
0903.1173
0909.1486
0909.1793
0907.2080
0909.0395
0909.3162
0909.2212
0811.4304
0909.4136
0909.4722
math__0103193
0909.5010
0909.5270
0909.5590
0910.0814
0910.2539
0810.2578
0810.1442
0910.3978
0910.5699
0903.2722
0911.0977
0911.1689
0911.2863
0911.4048
0911.4183
0811.4539
0911.5200
math__0506168
0807.2874
0912.1012
0912.1404
0801.0157
0912.2126
0912.2088
0912.4708
0912.4914
1001.0758
1001.0557
0907.2194
0907.2199
0912.5524
0907.2566
0807.4957
1001.0905
1001.2628
1001.4071
0808.3964
0902.1750
0908.1250
1002.0879
0812.0986
1001.2366
1002.1372
1002.1122
0910.2996
0907.3335
0902.4197
0902.4192
1003.0096
0906.4931
1003.3221
0909.4229
1003.5552
1003.5944
1004.0778
1004.0993
0910.4538
1004.1653
1004.2228
1004.2547
0911.0123
0909.4715
1004.3802
0906.3330
0908.0116
1005.0938
1005.0949
1005.2653
0810.5684
1005.4512
0809.4323
0903.5232
0710.2509
1006.1033
1006.1768
0903.4276
0804.3587
1006.3930
1005.0209
1006.4647
1006.4677
0907.0930
1007.0121
1007.1077
0807.2927
1002.2747
1006.0797
1007.2884
0704.2106
0906.0855
1003.5492
0708.1677
1007.5099
1002.4493
0910.0512
1008.1399
1008.1714
1008.1692
1008.1940
1008.2926
1008.3260
1007.1555
1008.4701
1009.0110
1009.0732
1009.0803
1009.2331
math__0508565
1009.3065
1009.3673
1009.3892
0912.4551
1010.0146
0912.4464
1010.0812
1005.2831
1010.1810
1010.4460
1008.1245
1010.5304
1004.0160
1010.5934
1010.4474
1011.2374
1006.1227
1011.4114
1011.4686
1011.4802
1011.5345
1011.6077
1002.4863
1004.1055
1012.0547
1012.1415
1012.1949
0907.2460
0901.3602
1001.2341
1012.3351
0809.2627
1007.4138
1101.0143
math__0305317
math__0609748
1101.1613
1005.1520
1101.2471
1007.1890
1005.3251
1009.1678
1102.0979
1102.0981
1102.1313
0912.4809
1101.3064
1102.3240
0706.2868
1103.0600
0910.2733
1103.3537
1103.3493
1101.5982
1103.3991
1103.4485
1103.5251
0807.3859
1103.5539
1001.4536
1103.6009
1101.4594
1103.4262
0902.2259
1104.0563
1104.1644
1104.2360
1104.2458
1104.2776
1010.3628
1104.3542
1104.4275
1010.0982
1010.4527
1003.4850
1104.3630
0910.0642
1105.3405
1005.3248
1007.4329
1012.1911
1105.4710
0705.0736
1105.5186
1006.3568
1106.0772
1106.1092
1106.1606
1106.1979
1005.1018
1012.3870
1012.5647
1107.1227
1107.1685
1103.2273
1010.2599
1102.4931
1107.5511
1108.1063
1108.1069
math__0702208
1004.4338
1108.3724
1012.4109
1108.3909
1004.0457
1108.2913
1108.5386
1108.5663
1108.5952
1109.0106
math__0406348
1105.2715
1109.2040
1109.2091
math__0510039
1104.2111
1108.4032
1107.4764
0803.2587
1006.5347
1109.4210
1110.0554
1110.0715
1110.0767
1002.3926
1110.2511
1102.4597
0711.1761
0804.2663
0810.4450
1110.3294
0912.1415
1109.5441
1110.4753
1110.5293
1110.5542
1110.5625
1111.0330
1111.1820
1111.2220
0910.2152
1009.3454
1111.3489
1002.4604
1111.5448
1111.5659
math__0605037
1005.2910
1112.0781
1112.1307
1112.1448
1102.2048
1112.2440
1112.2542
1112.3603
1112.4128
1112.4277
1112.4315
1105.6206
1112.5325
1112.5213
1112.5563
1112.6295
1201.0059
1201.0340
1112.0094
1201.0805
1106.5331
1107.0778
1106.5434
1201.2970
1112.2533
1201.3789
1201.5239
1201.5342
1110.0652
1108.3209
1202.0426
1202.0431
1108.0958
1202.1004
1202.1938
1105.3104
1201.6593
1106.5198
1106.5010
1202.4803
1202.0411
1203.2800
1003.1994
1101.4921
1104.1054
1203.5009
1203.0202
1203.5905
math__0506521
1204.0227
1112.1284
math__0510490
1107.3608
1204.2185
1106.2218
1204.3244
1112.1317
1204.5681
1003.3618
1204.6228
1109.5785
1204.2703
1110.0605
0907.5339
1108.2934
1111.6797
1203.6133
1009.3384
1003.5937
1205.2547
1205.3050
1205.4473
1105.4692
0903.3743
1205.5332
1205.5697
1205.6072
1101.1195
1205.6450
1206.0162
1205.4380
1206.2721
1206.2946
1206.3439
1206.3704
1107.0954
0805.2611
1206.5975
1203.3664
1206.3916
1207.0121
1204.1358
0812.0287
1204.4886
1204.3745
1207.0959
1206.1203
1207.1923
1207.2971
1207.3600
1207.4296
1202.0684
1005.4236
1207.6750
1011.0558
1208.1919
1208.2032
1207.6972
1108.5741
1207.5488
1208.4068
1208.4070
1208.4520
1110.1711
1205.6522
1209.0124
1203.4318
1205.0074
1209.1454
1207.0860
1209.1932
0809.2495
1209.4398
1204.6723
1209.5224
math__9911073
1110.2613
1112.3805
1210.0615
1210.1174
1201.2991
1201.0413
1210.4421
1210.4566
0902.0742
1110.6411
1210.5678
1107.4620
1202.6494
1204.3312
1210.7514
1101.1700
0910.1306
1211.1555
1004.1488
1203.1703
1211.2314
1210.6166
1205.6066
1211.5041
1211.6170
1101.2792
1212.0966
1212.1545
1209.0414
1212.3539
1209.2847
1101.2363
1301.0300
1301.0660
1201.1767
1301.3679
1203.2881
1301.5087
1209.4114
1301.6056
1109.2883
1302.0399
1302.1465
1302.1729
1302.2774
1302.3032
1302.4370
1302.4573
1302.4521
1302.4488
1210.8192
1302.5652
1302.5501
1302.5692
1303.0340
1303.0376
1303.1286
0711.1683
1210.4098
1303.3337
1105.5187
1010.4956
1303.5940
1212.6283
1210.4056
1303.7046
1202.6034
1301.5206
1304.0219
1304.1331
1209.4436
1304.3033
1304.3592
1304.4079
1112.3837
1304.5275
1304.5295
1304.5909
1304.6974
1304.7128
1304.7572
1305.1115
1207.3694
1305.2961
1202.2591
1305.3432
1305.4034
1305.4491
1305.4607
math__0304064
1206.0422
1207.2113
0906.2954
1212.5539
1305.6958
1305.7414
1306.2675
1306.3046
1305.4040
1005.2666
1306.1895
1306.4088
1303.5638
1205.0101
1306.6250
1306.6523
1111.2952
1306.6789
1307.0265
1209.3606
1307.2963
1307.4038
1307.4236
1307.4845
1307.5383
1307.5404
1307.5625
1307.5969
1307.6894
1307.7215
1307.7216
1307.7574
1307.8307
1307.8418
1307.7218
1308.0251
1308.0113
1201.6650
1108.3810
1308.2491
1106.3644
1304.6883
1105.3869
1308.3586
1308.4111
1308.6495
1308.1532
1309.0361
1309.0922
1212.2883
1210.6519
1303.4669
0804.1820
0805.1505
1106.1977
1209.2776
1305.3750
1307.0068
1112.0560
1302.6946
1309.4821
1304.0021
0711.4409
1309.6952
1310.0903
1211.5762
1310.1887
1307.6924
1310.5357
1107.6032
1210.6506
1310.0381
1310.7222
1311.1146
1311.1852
1311.3451
1105.0714
1203.3253
1311.5494
1311.7125
1311.7642
math__0701325
1312.0432
1205.1488
1309.2835
1312.1445
1312.1608
1212.5123
1312.3709
1312.4642
1312.5348
1306.2072
1312.7833
1312.7765
1401.0275
1401.0315
1303.0584
1401.1484
1401.2037
1212.0496
1401.3757
1401.4259
1401.4697
1401.4772
1401.4585
1401.5604
1401.6574
1207.2773
1011.0918
1401.7748
1402.0253
1402.0408
1308.2485
1401.5656
1309.1364
1310.5955
1303.5265
1401.7867
1402.6085
1312.5910
1211.4401
1402.1159
1403.3672
1403.4126
1403.4183
1104.5689
1403.5873
0902.1954
1204.6695
1404.0628
1202.2481
1312.5474
1404.1485
1312.7466
1208.6005
1404.2715
1010.4819
1404.3955
1403.0536
1404.4301
1401.7694
1404.5191
1312.1272
1404.5477
1305.3835
1404.7788
0708.3398
1202.3359
1405.2429
1212.3264
1310.1529
1212.1517
1402.4414
1405.6973
1405.7263
1308.1804
1304.6871
1202.2876
1406.1251
1406.1692
1212.3914
1406.2361
1406.2569
1406.3300
1406.0961
1406.3513
1406.3819
1406.4791
1404.4610
1406.5479
1406.5762
1405.3090
1406.6229
1403.6039
1406.6789
1406.6804
1405.3356
1406.7854
1407.0512
1407.1210
1407.1473
1407.2287
1407.2486
1407.2745
1407.1012
1407.3994
1303.0153
1305.1668
1407.7435
1310.0705
1302.1932
1310.1159
1408.1072
1408.1342
1404.3067
1404.4115
1408.2596
1408.2846
1408.3376
1408.3481
1408.3788
1206.2745
1212.3122
1408.6153
1404.6365
1409.0645
1409.1895
1409.2148
1409.2165
1409.2716
1409.2948
1409.3506
1409.4688
1409.4730
math__0608790
1409.0076
1409.5934
1409.6405
1409.6427
1409.6639
1409.7274
1409.7521
1409.8062
1210.1425
1410.0071
1202.3337
1409.0344
1410.0904
1311.2974
1408.1231
1410.3218
1410.3606
1306.3703
1401.1172
1402.7211
1310.1736
1410.6695
1410.7108
1401.8116
1408.4953
1309.6120
1403.5726
1411.1605
1402.0250
1304.6854
1308.2802
1401.7220
1411.2457
1411.3038
0902.3626
1410.5075
1410.6395
1411.5788
1411.7107
1304.5227
1408.6728
1405.4408
1412.1321
1412.1615
1412.3295
1412.3760
1412.3778
1412.3198
1412.4487
1312.3912
1412.6660
1305.1914
1405.2618
1308.4557
1412.8058
1501.00792
1501.01790
1501.01947
1304.6959
1501.01925
1303.3670
1304.0257
1501.03146
1501.03791
1307.1987
1501.06807
1501.06889
1501.07045
1311.3074
1412.2009
1406.6994
1502.01896
1304.5954
1502.07929
1502.04741
1502.05282
1502.05530
1502.07539
1502.08017
1401.6247
1406.1751
1503.01492
1503.03733
1503.04379
1309.4070
1406.6030
1503.05008
1503.05531
1502.04001
1408.7003
1412.1320
1410.5839
1311.2089
1504.04545
1412.4628
1504.06114
1504.07366
1505.00048
1505.00220
1502.03130
1505.00343
1505.00712
1409.7860
1505.01098
1306.5144
1206.6632
1505.02048
1505.02430
1505.03053
1409.8192
1505.05010
1405.6881
1106.1983
1203.5358
1505.06446
1504.03886
1505.06940
1505.07615
1505.07782
1505.07736
1110.5193
1005.4633
1211.5294
1506.03119
1303.1115
1402.7108
1409.7051
1506.00887
1506.05587
1506.06402
1503.08326
1409.6067
1506.07707
1506.07995
1311.3712
1407.1817
1405.7270
1102.0261
1506.02551
1501.07592
1405.1092
1507.02220
1507.02344
1507.02886
1410.6972
1208.4695
1507.04685
1507.04772
1507.05205
1503.05010
1503.04623
1507.06623
1507.08172
1503.07072
1508.00921
1508.01931
1502.00872
1412.8626
1508.03688
1508.04021
1508.04036
1508.04050
1508.05072
1406.5942
1408.5220
1509.00258
1509.00763
1509.00618
1409.6254
1412.0144
1412.6559
1412.6560
1110.3055
1402.5922
1509.07171
1406.6928
1502.03925
1509.08229
1405.5184
1510.00211
1301.1203
1408.1598
1510.00483
1510.01775
1509.08737
1510.02402
1510.03290
1504.03348
1310.8279
1408.0321
1510.04497
1507.08710
1510.04885
1510.05323
1510.05809
1510.06332
1507.02128
1507.07345
1411.6931
1510.08921
1510.08925
0905.3884
1511.00746
1511.01532
1306.0831
1504.02297
1506.02931
1506.05028
1409.4219
1511.02467
1301.3191
1511.02905
1511.02828
1408.2524
1412.7599
1503.07585
1505.00974
1506.01221
1307.2765
1509.03649
1511.04911
1511.08287
1506.04317
1511.06901
1510.08026
1311.4044
1407.7130
1502.04821
1405.7805
1512.03290
1512.03250
1403.5095
1512.03698
1501.01999
1507.03384
1512.06981
1404.3202
1503.06647
1501.00703
1601.00697
1402.6659
1308.4940
1404.2156
1406.1744
1601.02158
1505.01669
1401.0149
1507.02149
1601.03595
1503.02783
1509.01582
1412.6968
1601.04998
1510.01467
1601.06193
1601.07018
1601.07095
1601.07104
1601.07096
1502.06526
1601.07734
1502.04191
1601.02307
1502.01923
1602.01019
1411.2236
1601.02593
1602.01759
1501.06824
1602.02482
1602.02515
1003.0985
1602.02826
1602.03412
1602.03867
1602.04163
1309.1808
1602.01053
1602.04669
1602.05156
1211.1877
1312.2204
1602.06771
1601.01205
1507.01745
1602.08627
1603.00807
1603.00822
1410.8083
1603.02614
1603.02500
1603.03621
1603.05448
1603.05702
1603.06056
1506.01986
1306.3773
1603.08181
1404.3780
1603.09266
1512.01259
1604.00880
1205.2988
1311.3524
1505.04987
1504.02430
1604.02604
0905.2621
1512.04083
1604.03287
1604.04746
1410.3990
1604.05883
1604.05887
1304.0867
1602.07328
1505.06941
1511.02920
1509.07632
1602.08739
1605.00842
1605.01555
1511.02395
1605.09206
1605.05112
1410.0248
1512.02012
1605.06835
1605.06378
1605.07745
1503.03362
1507.03913
1605.08147
1605.08992
1605.09192
1211.0054
1606.00139
1503.05064
1606.02490
1506.05500
1507.01460
1606.04320
1606.04378
1606.05527
1606.06777
1601.03189
1305.6028
1606.08222
1501.01739
1503.05523
1604.06812
1510.08717
1607.02064
1412.0212
1607.02786
1607.03212
1607.04986
1507.08723
1607.06413
1608.01599
1607.07407
1312.4327
1608.01112
1608.01559
1409.1370
1511.09130
1607.04343
1501.03690
1301.1053
1604.03999
1608.06340
1603.06251
1501.00675
1512.01353
1511.00857
1508.07807
1609.00145
1609.02883
1503.06469
1609.03023
1609.03214
1606.05529
1609.03276
1609.04072
1607.04870
1609.04241
1609.04622
1609.05382
1609.05642
1508.01069
1602.04553
1604.06001
1609.06599
1502.05351
1412.0211
1609.09297
1608.02828
1610.00905
1603.02386
1610.02453
1607.06034
1308.6548
1610.06282
1610.06801
1610.06908
1608.07985
1610.07164
1610.07281
1605.07275
1606.06540
1610.08459
1504.00700
1208.4046
1610.09523
1608.05524
1611.02249
1508.07789
1206.4284
1512.00799
1410.3387
1610.09528
1611.07591
1603.06435
1612.00995
1612.03711
1610.03802
1402.2587
1612.05694
1612.05939
1612.06541
1612.07447
0904.3449
1612.09482
1512.04066
1511.00824
1701.00113
1611.02437
1501.01020
1701.00567
1701.00658
1608.00424
1406.3219
1701.03028
1701.04223
1701.04611
1603.08186
1512.04389
1611.07886
1407.6849
1701.07538
1612.09193
1702.00244
1305.0086
1606.04439
1512.01602
1605.02658
1702.02425
1702.02602
1611.08241
1702.04895
1702.05206
1510.00669
1602.07962
1702.02185
1703.01001
1703.03007
1502.05348
1606.08379
1607.03608
1703.06224
1604.00272
1605.04142
1703.09328
1703.09155
1703.09888
1703.10636
1703.10671
1703.10696
1703.10703
1605.00081
1308.3983
1702.03303
1703.10426
1704.02623
1601.00301
1704.03674
1704.04286
1606.06120
1704.04474
1609.08396
1604.01517
1510.02587
1605.08627
1701.08189
1602.08206
1512.08119
1704.07257
1607.02438
1509.07584
1606.08649
1605.08018
1704.04414
1511.08659
1705.03189
1602.05504
1603.03351
1603.08768
1610.02180
1705.08671
1208.1749
1606.05009
1705.10189
1407.6969
1106.1063
1606.05669
1510.04724
1510.05696
1706.03605
1706.03618
1706.03620
1706.04835
1706.05292
1706.08395
1706.06211
1603.02456
1607.02269
1706.09692
1501.06810
1703.03240
1707.00868
1707.00873
1707.00875
1707.01868
1701.03778
1707.02066
1506.07155
1707.02804
1707.03338
1605.04489
1707.04074
1706.07340
1606.01722
1709.06403
1707.06137
1707.06149
1707.06007
1707.06615
1610.08774
1501.04664
1707.07453
1410.4432
1708.01050
1512.03337
1610.05926
1703.04685
1708.01924
1610.02073
1703.08693
1701.07653
1704.06911
1512.02173
1607.07678
1608.01148
1611.09148
1701.08152
1709.01332
1709.01717
1709.01706
1708.06088
1709.02982
1604.08569
1708.02738
1511.09332
1611.00715
1704.02230
1507.02648
1605.08100
1602.05082
1611.05157
1701.05510
1709.08086
1709.09336
1612.03678
1709.10484
1710.00098
1605.05607
1012.6001
1309.6039
1704.00209
1710.03198
1309.6209
1710.04632
1706.04909
1601.01532
1710.07417
1710.07752
1611.07246
1710.10238
1707.03693
1711.00559
1602.04324
1704.01447
1712.01637
1711.05343
1602.09117
1711.07958
1711.08579
1711.08771
1711.09328
1702.05595
1711.10747
1712.00560
1407.1547
1712.02064
1709.05872
1712.03409
1712.03492
1702.05769
1712.05389
1707.08211
1612.07050
1406.0815
1612.02885
1710.10258
1711.10450
1710.09438
1712.06033
1607.03087
1704.08787
1602.07973
1703.05854
1712.04781
1801.07390
1606.05058
1801.08762
1801.08900
1801.08903
1801.08973
1704.00303
1801.09104
1801.10542
1707.02098
1802.00960
1802.00969
1802.00997
1802.01204
1802.06718
1705.08565
1802.04072
1802.05037
1802.06644
1802.06838
1802.06707
1802.07588
1802.08193
1802.08521
1707.08694
1802.09889
1802.10425
1510.01797
1803.00180
1612.02762
1704.07034
1704.08086
1510.08934
1803.02683
1803.01751
1703.00569
1803.03311
1703.03229
1803.03418
1702.08684
1803.04124
1412.8692
1803.04622
1803.05060
1803.06366
1803.07309
1706.03291
1703.02849
1710.10476
1606.09080
1804.04244
1606.04999
1804.07857
1512.07573
1512.07580
1710.09784
1804.09474
1707.06288
1805.00156
1604.02926
1706.09575
1805.01703
1805.03032
1805.02281
1805.03131
1805.03561
1805.04169
1607.02609
1612.09540
1510.07133
1805.04877
1611.02211
1708.05255
1805.07169
1610.09429
1805.08290
1606.05606
1805.09836
1805.09961
1805.10682
1805.10951
1802.03978
1606.08930
1405.2943
1706.04095
1707.08321
1704.02401
1806.00883
1806.02376
1806.03012
1806.08038
1806.09318
1806.10103
1804.10924
1807.00322
1807.02014
1801.01386
1807.05263
1807.02627
1807.03164
1803.01191
1609.03979
1807.06986
1801.08528
1802.01767
1610.08387
1803.10113
1808.00915
1404.6997
1710.04634
1808.01164
1808.01444
1808.06464
1610.00037
1610.06509
1701.05937
1808.05267
1808.05012
1706.10023
1709.01043
1808.08291
1711.02051
1608.05905
1607.05794
1803.07956
1809.00963
1809.01736
1809.00738
1809.03002
1809.04124
1809.04712
1809.05885
1809.05887
1012.4526
1809.06940
1802.00488
1809.07923
1512.01390
1704.00329
1711.00744
1809.09782
1710.06939
1809.10481
1809.11168
1810.01023
1809.05923
1709.01222
1810.04291
1707.02167
1803.09451
1803.05316
1802.01827
1507.00503
1711.00689
1802.07538
1810.11637
1810.11697
1810.12213
1810.12708
1803.01075
1805.01774
1709.06271
1811.03876
1805.05156
1712.06248
1504.05625
1711.06331
1811.08240
1803.02304
1809.10408
1811.10039
1811.11487
1812.00046
1704.01863
1705.09354
1710.07666
1811.09601
1812.01750
1709.06689
1812.03947
1812.04143
1812.03601
1808.04998
1812.05062
1811.06460
1812.07272
1812.07656
1804.03829
1806.10477
1812.10649
1812.10941
1807.08979
1901.01594
1801.09532
1901.03567
1901.04828
1801.03357
1801.05493
1811.10060
1806.08304
1901.06539
1510.07131
1803.10532
1901.08165
1901.08591
1610.08392
1901.04694
1901.09077
1809.02229
1805.05988
1805.12079
1901.10707
1902.00523
1712.07787
1803.00681
1902.03050
1902.03831
1802.09555
1902.04866
1902.06694
1902.06074
1902.06086
1806.06129
1808.09910
1902.06920
1902.07703
1902.08666
1902.08881
1704.04747
1902.03778
1705.04296
1202.2697
1903.02991
1805.04126
1903.03839
1903.03914
1903.03926
1903.04435
1903.05777
1903.05848
1609.08086
1710.04799
1903.06982
1903.07030
1903.11488
1712.02523
1402.7151
1710.04153
1903.02021
1810.08828
1812.11222
1904.01679
1904.01384
1709.09519
1806.02524
1708.05275
1810.11300
1812.03583
1610.09640
1808.08020
1904.08083
1904.08413
1611.02267
1904.10805
1904.11736
1807.09554
1501.04658
1711.10455
1811.03993
1811.10344
1806.04804
1904.12974
1904.06594
1905.05625
1905.06160
1605.00662
1905.07181
1905.07600
1905.07919
1905.09617
1905.10277
1901.00323
1906.00259
1906.01322
1803.06651
1906.02690
1701.05139
1906.03386
1906.03904
1906.04248
1811.07177
1906.05443
1906.02056
1812.05765
1906.09203
1807.05423
1809.11043
1209.3423
1907.00372
1906.09006
1902.09391
1907.02695
1907.06585
1907.03992
1710.02230
1607.03066
1611.01654
1907.09933
1907.09416
1907.09216
1907.09666
1907.10378
1902.04555
1903.00295
1908.01360
1908.01655
1802.04343
1803.09378
1908.04132
1908.04287
1908.04380
1908.04184
1711.06169
1908.05074
1712.05094
1908.05880
1908.06879
1901.05087
1803.01664
1908.08488
1808.05545
1906.02310
1908.10660
1908.10987
1909.00069
1807.03266
1909.00172
1807.06000
1804.07402
1412.6930
1907.04714
1810.08570
1909.02259
1909.02524
1708.00833
1909.04875
1806.10353
1909.07639
1909.08419
1608.05314
1904.00161
1909.09333
1506.04887
1903.10034
1909.11777
1803.06086
1909.12757
1904.06719
1810.10075
1610.00808
1910.01220
1910.01223
1808.09834
1910.02540
1211.2309
1910.03542
1811.11333
1910.05617
1910.05172
1903.00081
1902.05788
1910.09148
1910.09423
1910.09816
1910.10676
1711.05903
1910.12517
1910.13417
1910.13735
1905.09580
1911.00130
1605.09699
1212.5853
1911.02478
1911.02631
1911.05141
1911.04704
1609.04597
1811.05876
1903.01639
1910.03121
1905.10220
1911.08770
1706.06788
1610.05145
1910.09240
1807.11403
1904.08541
1911.12717
1911.12726
1911.13139
1403.5405
1911.10060
1912.02111
1907.02301
1610.07737
1912.10800
1804.06485
1904.10314
1810.04994
1904.03550
1912.12210
1907.05104
1912.12658
1912.12901
1605.03934
1907.09927
2001.00284
1808.08513
1909.10822
1904.11307
1706.07526
1812.05332
2001.03820
1901.10717
2001.02062
1806.08197
2001.05778
1908.01106
1911.00907
2001.07924
2001.08338
1712.08276
2001.10123
1812.10527
1904.05565
2001.11477
1512.07577
1910.00769
2002.01016
1911.13266
2002.01130
1909.09624
2002.02762
2001.02874
2002.06004
2002.06671
1612.06980
1903.03890
2002.08234
1805.00294
1806.06082
2002.09241
1910.01014
1905.01148
2002.10334
1909.13835
2002.12813
1612.09530
2003.02124
2003.02058
1810.01383
1904.06987
1909.08826
1903.01211
2003.04610
2002.05811
1808.06104
2003.06375
2003.07635
2003.08113
1909.10211
2003.09713
1811.12255
1902.08720
2003.12514
1910.06531
1801.06488
2003.11541
1805.07002
2004.02479
2004.04183
2004.05464
1810.11188
2004.00731
1907.01999
2005.06962
2003.01387
1910.08757
2004.08684
2004.08516
1710.06084
2004.08741
2004.08964
1901.09580
2004.09699
2004.09697
1902.08239
2004.10482
2004.10513
2004.11519
1906.01144
2004.12937
1804.08585
1808.09905
2004.13711
2004.14220
2004.14286
2004.14731
2004.14895
2005.00835
1908.05668
2005.01340
2005.01715
1908.02633
1812.00652
2005.03601
1807.02650
2005.05243
2005.05384
2002.11480
2005.07738
1810.06037
1909.07620
2005.09135
2003.10105
1112.3076
2005.10015
2004.03709
1911.09364
2005.11322
1911.09346
2005.11518
1903.09192
2005.13381
2005.14104
2005.14295
2005.14492
1704.08386
1805.04346
1808.08687
1811.00214
1904.04159
1801.02775
2006.03139
2005.07183
2006.03251
2006.04542
2005.01894
2006.07077
1811.08077
2006.07997
2006.08479
2002.06055
1911.08781
1903.10861
1903.12647
2006.10851
2006.11189
2006.01403
1810.08752
2006.12308
2006.12313
1702.02681
2006.15996
2006.15188
2005.04831
1811.09532
2006.15836
2007.00624
2001.04774
2007.04788
1911.02630
2006.05112
1808.09835
1911.04790
2004.09654
2007.10277
1711.00037
2007.09967
1908.03546
2007.12716
2006.01631
2007.14345
2007.14442
2007.14505
2007.14784
1906.08737
2008.02394
2008.05295
1909.01631
2008.03474
2008.04199
1911.01267
1912.02769
1812.09661
2003.08610
2008.11323
1710.01465
1911.11469
2009.00405
1902.00355
2009.02303
1712.02652
2007.11708
1904.12182
2006.10375
2009.05390
1804.01345
2009.06127
2004.01313
1411.3827
1905.05636
2009.06832
2009.06835
2009.07320
2007.14263
2002.02294
1403.4381
1607.00668
2007.16180
2009.11969
2009.12241
2002.04336
1911.08986
2003.01964
1804.05045
2007.06536
2010.05242
2008.11912
2010.04622
2005.11309
2010.07138
1908.02049
2008.10307
2004.04404
2010.10636
2002.02204
2010.11293
2006.12416
2010.11582
1909.04950
2010.13208
2010.14313
2010.12534
2010.09837
2010.15182
2011.00729
1904.09091
1501.02161
1905.10119
2008.00486
2003.04827
2003.13959
2007.05321
1911.04630
1808.09738
2011.06903
2011.09557
2011.11747
2005.02360
1801.02343
2011.13070
2011.13408
2011.08897
2011.13881
1912.04328
2011.14357
2011.14796
2011.13448
2007.04485
2011.08561
2004.00187
2012.04246
1907.10025
2012.07838
2012.08043
2012.08268
2012.08669
1803.09611
2010.13361
2012.10817
2012.11800
2009.09486
2012.14042
2012.14483
2005.07937
1303.2500
2012.15703
2101.02031
1909.02361
2010.06673
2011.13839
1907.05537
2005.06682
2101.04015
2003.02254
2101.05210
2010.11276
2001.10646
2101.06734
2101.07777
0907.1359
1810.04306
2101.01957
2006.14022
2101.08727
2101.08805
2007.07576
2101.10361
2101.10389
2101.10480
2101.10481
2101.10482
2101.10489
2101.10491
2005.02975
2010.09111
1805.05248
2005.05956
2102.03181
1812.06242
2102.01794
2005.09559
2102.04099
1911.12120
2102.04818
1711.03160
1904.00166
1711.03670
2102.05190
1911.11527
2011.12501
2102.07042
2102.08051
1702.08822
2012.03125
2102.09787
2102.09834
1410.6127
2102.12363
1905.09620
2010.09216
2102.12931
2101.04531
1812.02452
2102.13321
2002.01037
2103.00278
2103.01364
2005.06304
2103.01441
2103.01561
2103.02001
2008.03758
2004.06854
2006.10890
2007.03385
2103.04560
2103.05412
2103.06155
1911.09594
2103.07572
2102.04386
2103.08379
2103.08655
2012.08370
2103.09000
math__0605304
1905.06281
2003.11261
2010.06319
2010.13598
2103.12387
2103.12482
1809.01734
2103.12762
1701.08359
2104.00666
2012.02167
2104.02887
2104.03826
2104.03832
2104.04425
2104.05616
2104.05650
2104.06362
2104.06537
2001.10088
2104.07090
2104.07747
2104.08999
2102.00999
2104.09421
1807.00153
2104.09601
2102.12250
2101.06234
1906.01491
2012.00853
2104.12188
2104.12662
2101.04238
2104.13239
2104.13487
2104.14021
2011.14552
2104.14877
2105.00283
2105.00399
2105.01135
2105.01462
2105.02285
2105.02549
2105.02561
1909.04304
2006.15068
2105.05372
2011.07543
2105.06933
2011.14335
1906.00517
2010.11173
2105.08332
2012.11648
2105.09604
2105.10531
2008.09029
1808.04552
1811.11654
2007.02900
2105.11736
2105.11943
1903.02438
2105.12905
1905.07460
2009.14145
2104.00367
2101.00942
2105.05108
2101.01460
1904.02506
2008.07158
2106.01878
2010.00319
2105.08152
1907.01454
1701.02152
2106.03652
2105.14654
2106.04132
2102.08290
2106.05334
2009.12432
2106.02706
2103.16907
2106.09107
2103.01613
2106.11758
2106.10490
2106.11458
2002.10536
2106.12490
2006.02978
1806.06995
1901.01453
1811.05442
2106.15861
1805.07635
2006.03505
2102.03178
2107.03880
2008.10677
1911.00818
2003.02935
2107.06444
2002.09991
2107.10526
2107.11301
1903.00282
2107.11753
1603.06557
2102.11913
2101.10989
2107.13667
2107.13989
2107.14031
1907.10365
2012.14641
2108.03415
2108.03416
2012.10157
2008.09924
2001.09940
1906.12275
2005.10496
2105.12316
2002.02860
2108.06168
2108.06288
2108.06690
1809.00727
1906.07215
2105.04251
1809.05610
2102.05192
1712.03300
1009.0234
1905.02888
2102.05877
2109.00344
2108.06642
2109.00589
2109.00878
2109.01249
2109.01513
2105.13642
2003.10245
2011.12600
2109.04239
2101.10797
1901.05731
2109.06278
2109.07172
2109.08064
2109.08831
2109.04291
1806.08645
2109.10996
2109.11381
2010.07926
2109.14123
2102.07513
2007.00670
2107.11086
1810.08184
2110.02574
2110.02804
2005.05311
2108.11786
2006.01399
2008.03538
1907.03364
2110.06916
2110.10559
2110.05327
2008.02126
2110.14280
2110.00930
2111.00158
2111.00439
1910.08193
2111.02184
2004.14361
2106.14743
2111.03850
2001.05432
2105.04958
2110.11061
2111.06233
2111.07461
1809.00275
2106.07890
2108.12697
2109.03122
2111.01000
2111.03460
2111.12117
2111.12508
2105.10822
2111.13542
2010.15722
2111.14293
2111.14419
2111.14656
1807.10671
1710.02028
2111.13837
2104.09840
2112.00205
2112.00211
2110.09381
2112.02940
2112.04599
1809.02356
2109.12708
2009.14023
2012.02886
2112.06034
2112.06092
2112.04927
2112.06445
2112.06818
2106.14135
2103.16770
2112.10198
1708.07540
2102.00096
2112.11145
1812.03255
2112.13290
2112.13402
2103.08686
2112.14051
2112.14751
2004.08487
2103.01326
2201.01967
2201.02224
2109.11954
1805.03805
2201.03069
2201.03466
2201.03952
2007.11059
2112.02155
2102.01104
2201.05992
1702.00224
2201.06520
2012.03863
2201.05350
1905.07429
2008.01948
2201.07527
2201.09401
2201.09930
2102.09789
2201.11273
2112.11518
2111.06965
1805.03816
2011.01702
2202.01573
2202.04443
2202.04543
2010.04961
1811.02710
2108.11304
2202.06711
2202.07067
2202.07786
2202.08018
2202.08130
2202.08212
2010.15490
2004.04526
1905.10690
1907.03209
2006.08290
2202.12113
2202.12772
2202.13132
2202.13148
2009.09195
2101.02791
2108.00390
2203.01067
2009.10980
2203.03403
2203.03572
2203.03748
2105.10143
2203.05751
2203.08783
1908.02202
2203.09133
1503.00991
2203.11392
2203.10711
2203.11845
2203.12022
2203.12068
2109.07418
2203.12490
2106.08896
2203.13622
2001.09736
2203.15096
2110.14192
2107.08612
2103.17141
1904.05691
2204.01032
2204.01634
1908.08034
2204.02009
2202.06805
2204.02749
2203.05345
2105.03038
2204.03389
2109.09836
2204.04920
2204.05661
2009.05545
2204.07606
1912.06726
2204.08794
2009.12301
2204.09285
2110.07072
2204.10630
2204.10708
2201.08016
2204.11152
2205.06651
2109.13163
2204.11931
2107.13901
2103.16394
2204.13795
2009.12670
2112.15515
2205.00486
2205.00798
2009.10041
1805.07749
2203.07194
2205.04171
1909.11399
2004.06238
2012.05190
2205.05310
2205.05382
2205.06068
2010.16226
1909.12203
2205.07093
2205.07760
2202.07582
2205.08872
2108.03537
2205.09260
2205.09264
2205.09267
2104.11399
2112.10288
2205.12235
2005.13861
2204.00295
2205.06589
1804.08710
2205.13686
2205.15240
2108.05856
2206.01180
2112.08695
2206.00849
2206.01113
2206.00949
2201.06782
2010.10264
2003.06663
2111.01250
2104.12498
2010.10656
2206.11244
2206.12724
2206.12855
1812.00122
2206.13725
2206.02744
2105.10811
2207.01366
2012.04963
2204.10918
2206.01416
2207.03261
2201.01136
2207.05702
2207.06149
2008.11913
1707.00488
2206.01994
2201.00192
2106.04703
2102.04281
1808.05415
2207.11994
2205.11056
2203.16179
2207.13465
1908.00649
2108.00412
2207.02686
2208.01117
2208.01133
2104.00162
2103.06003
2202.06217
2012.15718
1908.01215
2202.10819
2208.04228
2201.09819
2105.01724
1903.01152
2208.07028
2208.07350
2103.03974
2208.09509
2208.09516
2112.02873
2208.13735
2105.13166
2208.12704
2208.13088
2208.13242
2102.06275
2208.13897
2104.09897
2208.13852
1908.10200
2208.14395
2101.09363
2003.05392
2208.14716
2208.14992
2209.01144
1902.01225
2208.00809
2203.03249
2209.02400
2203.12478
2209.04125
2106.12975
2209.08158
1705.04960
1911.00074
2209.08658
2209.09351
2209.09376
2107.13623
2108.03545
2207.13379
2112.08829
2209.14728
2112.10072
2210.00505
2109.05111
2210.00748
2210.01522
2207.08324
2208.08313
2208.11332
2210.03490
1511.04070
2209.09679
1612.05139
1911.05914
2210.07753
2011.02137
2103.00094
2107.02374
2107.07743
2210.08945
2106.14066
2204.06123
2210.14332
2210.14337
2207.09702
2211.00571
2101.09100
2103.05191
2105.04237
2105.04355
2105.05422
2105.06332
2105.09257
2105.12282
2106.10094
2107.01778
2110.05985
2211.01782
2211.01826
2211.03104
2211.03076
2208.02928
2102.06146
2211.05157
1911.06640
2211.06587
2108.02473
2202.09293
2107.07621
2211.12531
2010.10069
2211.13855
2211.08436
2211.14421
2211.14600
2211.14696
2109.05369
2211.16099
2211.16896
2212.00542
1306.3215
2212.03647
2212.05453
2002.06640
2006.07843
2111.00147
2212.06615
2212.07064
1709.00658
2204.09584
2206.09646
2212.08520
2212.11865
2212.12564
2010.13664
2212.14598
2301.00305
2301.01034
2301.01199
2101.09538
2105.00772
1801.07404
2205.11054
2003.13039
2204.00829
2211.15754
2207.07063
2301.08672
2108.04304
1911.01895
2301.10039
2301.10751
2207.01371
2205.15185
2301.10464
2301.10952
2103.11508
2301.12722
2301.13780
2302.00430
2205.15486
2302.00744
2302.00729
2202.02493
2210.12021
2302.02757
2302.03123
2302.03691
2302.04207
2204.02284
2302.06515
2204.06055
2302.06851
2302.07855
2003.11757
2102.09736
2004.12760
2203.00496
2210.08663
2210.04636
2212.09060
1710.08068
2101.07819
2208.00314
2007.07752
2303.02065
2211.08118
2303.03970
2303.03867
1805.07004
2207.01378
2101.00077
2303.05188
2303.06206
2302.02035
2303.06781
2102.00634
2202.00084
2303.06843
2009.07302
2303.08614
2303.08894
2302.14474
2211.10932
1812.10586
2004.12953
2210.02146
2303.11796
2303.13480
2303.14231
2303.14754
2303.15054
2303.16419
2303.17575
2207.13452
2110.06613
2310.06088
2204.12962
2106.15042
2304.02928
2211.05861
2304.03725
2304.03751
1807.04305
1411.0898
2304.05101
2304.05965
2101.00050
2304.07539
2304.08334
2007.12982
2304.09216
2304.10956
2205.13356
2208.02476
2209.08022
2201.13400
2304.14128
2305.00272
1609.06785
2305.01041
2208.03453
2202.07069
2305.02308
2002.03132
2210.01720
2201.08963
1006.0048
2305.04659
2206.00698
1905.11288
2305.01357
2305.05361
2207.08487
2305.03581
2303.03813
2305.03421
2202.06394
2207.10041
2305.00167
1501.02503
1812.02935
2103.03105
2305.13537
2305.15139
2305.15204
2305.15279
2301.06165
2305.16281
2306.11659
1904.04097
2201.01236
2305.18463
2305.19042
2306.00853
2306.01625
2208.08722
2302.07852
2105.05198
2212.13541
2212.07135
2306.04534
1705.07442
2306.05337
2303.11978
2306.06619
2305.06714
2306.07091
2302.10321
2306.07360
2207.13816
2206.08546
2306.06436
2306.09721
2306.09745
2203.01788
1811.12873
1904.00376
2306.13350
2306.13597
1905.08877
2304.13580
1909.03518
2306.12683
2207.05184
1711.08639
2105.06832
2307.01498
2307.02843
2301.08418
1805.00469
2302.07810
2306.10120
2307.04383
2205.10917
2307.05980
2307.06043
2305.00893
2307.08183
2009.10024
2307.09289
2312.00831
2211.00380
2303.16793
2305.06112
2307.12391
2003.01401
2307.15937
2103.00938
2201.12878
2203.06596
2204.09547
2205.00842
2205.03906
2205.08916
2206.03868
2206.04547
2206.09678
2207.06765
2209.09509
2307.16552
2307.16553
2308.00861
2205.05178
2305.15229
2308.01662
2308.01767
2308.03201
2207.13589
2308.04584
2308.04747
2110.00239
2206.14629
2308.06336
1708.06087
2209.12575
2308.06574
2308.09148
2109.06231
2308.04531
2308.09806
2307.09100
2212.02300
2303.14049
2110.05138
2308.14455
2308.14661
2010.01072
2109.11934
2308.16843
2305.02293
2212.11079
2309.01260
2205.15297
2010.11287
2108.11431
2308.16030
2106.11115
2309.04135
2309.05591
2305.16667
2309.06637
1801.02927
2106.01868
2111.05918
2309.00337
2005.06019
2006.07191
2309.09761
2005.04778
2302.02484
2011.11042
2309.11953
2205.04000
2303.10331
2111.11311
2309.15544
2309.15579
2310.00279
2310.00502
2109.10827
2303.02636
2304.09000
2310.03503
2310.03839
2310.04587
2310.05550
2310.05568
2309.16404
2310.07055
2301.05730
2307.13358
2307.11931
2310.07785
2310.09220
2310.09264
2204.08351
2209.00161
2308.10815
2310.11006
2204.01082
2304.03008
2310.12925
2004.07353
2211.04529
2310.15840
2105.04775
2310.16636
2303.07306
2208.06529
2205.03097
2207.04023
1805.03776
2311.00200
2311.00205
2211.04139
2311.02363
2311.02666
2308.01798
2311.03118
2311.03507
2311.03862
2212.12358
2311.05789
2311.07088
2311.07489
2006.03938
2311.08926
2211.04464
2102.01259
2311.10342
2311.10608
2206.03294
2303.02572
2308.06859
2304.02446
2308.11502
2309.12093
2310.00186
2311.12746
2311.13362
2212.03487
2308.01131
2311.15618
2112.11170
2303.11826
2209.10337
2304.14788
2311.18191
2311.18371
2312.00156
2312.00756
2201.03516
2203.08789
2208.00918
2112.12681
2312.03972
2312.05228
2011.02830
2312.06843
2201.10754
2312.06943
2312.04716
2303.00879
2303.12176
2309.08340
2303.03865
2303.11839
2304.00447
2305.02675
2305.02732
2305.02906
2305.05655
2305.11637
2306.17009
2307.14461
2312.11528
2401.05364
2005.01953
2311.17883
2301.05542
2310.10475
1806.05342
2312.13209
2305.16002
2312.14315
2312.17033
1905.10102
2401.01863
2305.16899
2107.12356
2401.03366
2401.05325
2210.07704
2301.05988
2204.02590
2401.06414
2305.04042
2401.06679
2401.08990
2209.15048
2401.10117
2301.09205
2401.11781
2401.09751
2401.13583
2401.14311
2006.01705
2203.12140
2308.06417
2312.02291
2401.17076
2401.17447
2401.18078
2305.01187
2305.02581
2112.11552
2311.11763
2402.00991
2311.18781
2311.14965
2206.06858
2310.02647
2402.05265
2402.04456
2402.07286
2310.08380
2111.14495
2402.10094
2305.01474
2402.11703
2305.06938
2402.12963
2402.14557
2210.00078
2403.19681
2402.18063
2210.08582
2402.19266
2212.06937
2304.14093
2403.01167
2403.01939
2403.02672
2209.02667
2402.19342
1702.06388
2403.04220
2205.00386
2311.18638
2204.00938
2403.08030
2403.08087
2207.08504
2403.08190
2403.17961
2403.09264
2403.09379
2403.09478
2306.08115
2002.00886
2403.12750
2403.13165
2212.09237
2208.08719
2403.14475
2403.14827
2403.16269
2403.17558
2403.18102
2308.12796
2403.05032
2404.01025
2404.01031
2105.10028
2205.04890
2011.08808
2404.02679
2404.03971
2312.14908
2404.04730
math__0510057
2310.05384
2404.05017
2303.05434
2404.06192
2310.16773
2404.08139
2308.05742
2404.12313
1912.10642
2404.12456
2305.15209
2404.12924
2404.14166
2404.14509
2404.15443
2404.17002
2404.17923
2404.18325
2104.03121
2404.18795
2305.03120
2311.17628
2404.19642
2306.11076
2210.00302
2405.00488
2405.00498
2205.07664
2405.01752
2405.03258
2405.03793
2101.09853
2012.15431
2310.19528
2112.02707
2202.12012
2405.13157
2405.13212
2405.13437
2211.12122
2403.06244
2210.04549
2405.14678
2305.02571
2205.03683
2405.16468
2210.11192
2405.17135
2405.17748
2403.03647
2405.20811
2406.00223
2403.18449
2205.12116
2205.08646
2406.01106
2406.01490
2406.01573
2406.02788
2301.08966
2306.10389
2406.03969
2405.02185
2405.03773
2406.08240
2406.19409
2406.10071
2404.08835
2406.12127
2306.13610
2406.13647
2310.18673
2402.16296
2404.15896
2406.15584
2406.15887
2404.00249
2404.03224
2406.18399
2307.13070
2309.08084
2407.01849
2211.02210
2311.11403
2209.12971
2302.05303
2407.04012
2403.15338
2402.14662
2301.00601
2407.05532
2003.05806
2312.13074
2407.18959
2310.00316
2310.08374
2407.11528
2107.03858
2306.11169
2407.12691
2310.08324
2307.08891
2010.09663
2406.19816
2407.18971
2208.12597
2209.01660
2202.12386
2407.18072
2407.19358
2301.04541
2302.13521
2403.09716
2311.02418
2407.21129
2407.21706
2407.10891
2408.00514
2408.00561
2408.01378
2105.11483
2210.08237
2408.03523
2408.03529
2401.17250
2408.04989
2407.15765
2311.11394
2401.01071
2408.07564
2408.16775
2401.04242
2302.04566
2307.16076
2408.08721
2312.00990
2408.08980
2408.09080
2311.16827
2210.13443
2306.16331
2401.09892
2404.08422
2408.13548
2408.15190
2407.16782
2408.15848
2311.02645
2408.16581
2407.06515
2307.12671
1907.00702
2409.01837
2408.07058
2409.02744
2408.10049
2409.03347
2409.03742
2311.15342
2409.05062
2409.05763
2203.16351
2212.00147
2401.13491
2202.08113
2404.12884
2409.10150
2409.10730
2401.16900
2301.06420
2409.12835
2307.00442
2403.06926
2311.18691
2402.01396
2409.15681
2409.16094
2305.05604
2409.18380
2409.18830
2312.09889
2409.19384
2404.08082
2311.00601
2409.20464
2012.03797
2405.00312
2410.00740
2410.02014
2406.08925
2007.05733
2104.08583
2407.13951
2302.06428
2403.03085
2410.04674
2410.05064
2410.05242
2410.05598
2206.14033
2307.06664
2410.07734
2410.07766
2302.05417
2410.09853
2410.11728
2404.06610
2410.13038
2410.13078
2305.10405
2403.03211
2404.01281
2410.08019
2306.15458
2303.11883
2109.09634
2410.17615
2410.17852
2106.13107
2410.19520
2304.11227
2410.20562
2402.10640
2410.21537
2201.11738
2410.17847
2410.21889
2404.07273
2207.02935
2407.18708
2410.02578
2410.22876
2208.07183
2411.03266
2411.02841
2411.03821
2406.11076
2411.05250
2411.05356
2411.05907
2411.06432
2305.11303
2407.12840
2303.16174
2408.15977
2203.07046
2402.01611
2411.08421
2305.07076
2411.10530
2411.13367
2303.14907
2402.04227
2406.15137
2411.14143
2406.05425
2411.15359
2306.04432
2411.15790
1810.06322
2410.08373
2410.02019
2411.18333
2404.08430
2406.15895
2411.19751
2411.19863
2307.11208
2309.11444
2412.15231
2412.05519
2405.00398
2405.19474
2411.09950
2411.16309
2412.07475
2306.08117
2305.01494
2401.13489
2401.13517
2306.17668
2403.16388
2412.11295
2412.03239
2412.11968
2109.01062
2412.13123
2412.13347
2411.07328
2111.00069
2303.11957
2404.14597
2412.19946
2412.20286
2303.16740
2412.20494
2412.20999
2412.21182
2501.00122
2501.00416
2501.01363
2102.12468
2406.12617
2501.01881
2501.01882
2501.02129
2103.14117
2406.15256
2301.11424
1908.01212
2304.05179
2501.14793
2406.13398
2501.06772
2407.02836
2501.14799
2408.07039
2111.10968
1602.03501
2308.11967
2308.15183
2501.10779
2501.08993
2108.04557
2403.00695
2403.15987
2501.12014
2501.12510
2501.07481
2310.19428
2410.06792
2210.01962
2501.14162
2106.14121
2501.14561
2411.05511
2304.03814
2312.17023
2404.00868
2501.17869
2211.02688
2408.03180
2411.12333
2402.04242
2111.09948
2502.04213
2306.02812
1808.01350
2502.05005
2502.05096
2311.02944
2502.05958
2409.00219
2311.11983
2402.00331
2502.09337
2501.02659
2308.05119
2409.09055
2502.10968
2502.11146
2303.01334
2502.11795
2309.15981
2502.12439
2502.12695
2502.13810
2502.14941
2406.15884
2410.22494
2312.12356
2502.17854
2502.18257
2502.18557
2502.18784
2502.20474
1312.7697
2310.02159
2502.20699
2502.20942
2502.21288
2307.16337
2503.01002
1910.11189
2107.02082
2302.14153
2503.03445
2503.03916
2503.04488
2503.06577
2503.07194
2302.06273
2312.06237
2503.10230
2008.11180
2503.10963
2403.07768
2503.12475
2311.08051
2503.13190
2503.13663
2503.22699
2303.06437
2503.15274
2003.07426
2407.08573
2503.06711
2503.04317
2209.05103
2209.06121
2402.00206
2503.03439
2503.19242
2503.14769
2503.20024
2312.05051
2503.20671
2503.21216
2503.21434
2501.15779
2504.01057
1905.09566
2504.03240
2401.17494
2504.04467
2405.19529
2412.03776
2504.04888
2504.05274
2408.14335
2504.06052
2504.06522
2504.07473
2504.07953
2204.13786
2305.16524
2504.02409
2304.09273
2311.14643
2304.04382
2309.05304
2504.12846
2412.16386
2503.02260
2502.04930
2405.06475
2504.14935
2311.16355
2405.02990
2504.15579
2504.16326
2410.08702
2503.21974
2504.11099
2404.09032
2305.06075
2504.19389
2504.20363
2411.19904
2504.21551
2505.00682
2402.18226
2503.01687
2106.15390
2304.05338
2505.02535
2302.05175
2304.03066
2502.03585
2110.06591
2402.11644
2505.04817
2403.06911
2408.00393
2502.10368
2505.07131
2505.07742
2505.08697
2505.08766
2505.08897
1804.02240
1806.05777
1806.06471
2501.11620
2505.09080
2505.09120
2505.09326
2405.14703
2306.05345
2505.10761
2503.02477
2505.11287
2505.11723
2503.13325
2207.06091
2404.10925
2505.13850
2204.10033
2505.15598
2505.15786
2302.04069
2409.01377
2401.05974
2505.16342
2406.14346
2505.19192
2505.18329
2505.22832
2505.22931
2506.12050
2301.02491
2001.09029
2506.00170
2501.08559
2111.14796
2407.01203
1712.00555
2503.17319
2506.01521
2506.01717
2406.13240
2304.05796
2407.13448
2503.10524
2506.04472
2501.14429
2103.01189
2506.06025
2405.06912
2506.08246
2505.07343
2506.09788
2312.11261
2405.07873
2506.10431
2411.06210
2007.02255
2506.13349
2506.14007
2506.14319
2411.17200
2308.03067
2405.11038
2310.15804
2404.08606
2506.19946
2303.10813
2109.02144
2506.22072
2506.22104
2506.22847
2506.22872
2506.23413
2506.23632
2506.23651
2506.23935
2507.00146
2507.01370
2507.01869
2507.04220
2501.06955
2507.05529
2406.17684
2507.07869
2406.17677
2504.21764
2507.07922
2507.09946
2503.17326
2507.14379
2503.20704
2507.16062
2303.01643
2402.18170
2507.07807
2507.20768
2507.20820
2507.20932
2507.23152
2507.23403
2308.00656
2508.00633
2508.00727
2508.02285
2508.02612
2508.05482
2508.05556
2506.12429
2508.18275
2210.13886
2508.07736
2508.07737
2508.09944
2307.13201
2508.10323
2507.14803
2508.10162
2508.11250
2508.11615
2508.13315
2508.14320
2502.05306
2502.14993
2406.09832
2508.15731
2508.16302
2412.19697
2408.13302
2502.20597
2002.02554
2410.06320
1612.09375
2405.08799
2508.19423
2310.03445
2403.17282
2508.21134
2508.21609
2509.00995
2411.14813
2503.17274
2509.01233
2509.01417
2207.01967
2509.03450
2312.00429
2509.04255
2509.04639
2509.05070
2509.05094
2509.05462
2509.05900
2509.06363
2508.17794
2509.07241
2509.07719
2505.01899
2509.06769
2509.08144
2409.10438
2205.02362
2303.13865
2505.10809
2508.13106
2509.09992
2509.10204
2509.11423
2509.11321
2405.05774
2508.16787
2508.11611
2509.13602
2503.18354
2509.15101
2509.16626
2506.01501
2510.09625
2509.20019
2403.19884
2404.01406
2404.16321
2406.08286
2410.00675
2508.06637
2308.03583
2403.19845
2404.00900
2404.02017
2404.16140
2509.20930
2508.20555
2509.21472
2509.21564
2202.00534
2506.02691
2509.22208
2509.22575
2509.22584
2509.24810
2509.26343
2509.26563
2510.00854
2510.00912
2510.00979
2510.02277
2510.02607
2409.14861
2507.13047
2510.02748
2506.07874
2308.11753
2201.09551
2510.04254
2510.05371
2110.08237
2510.03953
2311.05849
2510.01946
2510.07040
2510.07553
2510.07565
2308.14096
2510.08861
2504.01011
2408.16539
2509.07645
2510.10162
2510.10317
2510.10349
2506.20278
2510.11672
2403.10447
2510.12324
2501.16491
2503.20664
2510.12937
2510.13503
2211.02507
2502.09163
2302.11001
2510.15795
2302.14014
2510.17298
2506.06847
2503.24279
2409.00389
2407.18417
2510.22326
2308.15573
2405.07724
2506.02759
2510.23531
2510.23580
2510.23789
2510.24415
2401.14059
2510.25248
2510.25450
2407.17105
2510.19104
2510.26465
2510.26660
2510.27557
2105.12801
2501.17769
2509.15524
1703.04266
2404.13169
2511.05012
2511.05425
2511.06469
2409.19076
2511.06945
2511.17544
2512.04090
2510.22653
2511.09595
2511.09849
2511.10513
2511.11387
2511.12724
2312.02883
2401.06584
2402.12251
2508.01146
2511.02425
2511.13255
2511.13547
2511.13674
2511.13706
2511.14325
2511.14402
2511.14892
2511.15264
2507.06124
2507.04155
2404.03735
2511.15410
2511.17024
2308.02094
2501.06662
2507.13749
2202.00135
2409.12920
2511.21623
2303.11769
2401.04704
2412.13310
2511.23206
2309.05216
2403.01651
2411.06636
2507.15726
1209.2995
2404.06408
2502.10323
2510.12108
2512.03338
2512.03371
2504.12158
2512.04818
2510.23767
2504.12965
2505.17432
2110.06404
2510.00488
2512.08566
2504.06200
2512.07732
2306.02792
2404.09513
2511.07039
2512.11211
2512.11692
2512.12096
2601.00803
2505.15534
2511.06502
2511.13536
2512.14988
2508.11526
2512.15951
2504.18266
2507.00212
2512.15485
2501.16465
2509.06193
2512.05631
2512.17170
2310.00493
2408.05289
2512.18364
2512.18487
2512.18891
2410.00123
2508.00670
2512.20717
2512.20742
2507.03459
2512.22078
2512.22518
2503.04294
2512.22794
2512.24417
2502.01833
1810.00312
2409.10237
2504.09520
2304.08409
2502.11939
2505.14123
2502.19165
2501.18404
2507.19317
2511.10531
2601.06192
2601.06567
2311.14261
2502.02517
2601.05691
2601.07505
2601.07807
2512.21147
2503.08832
2410.19431
2501.03942
2601.09060
2601.09544
2402.12051
2504.20606
2511.07314
2601.11472
2511.03269
2601.14237
2601.14020
2601.14812
2601.15534
2501.03890
2601.15832
2003.03688
2601.17597
2601.17623
2501.09243
2601.18376
2601.19200
2312.09666
2410.08933
2506.12399
2512.15613
2601.20322
2209.05693
2506.02180
2601.21843
2506.13374
2409.09494
2409.11231
2505.15767
2510.01131
2601.22721
2411.07804
2505.05051
2602.01821
2511.03500
2602.03739
2309.11300
2602.04425
2601.03180
2301.03545
2602.05689
2210.01565
2602.05990
2602.06651
2406.10624
2602.07604
2209.12569
2410.21524
2511.17152
2602.08480
2602.08851
2602.08954
2602.09241
2602.09974
2602.10000
2602.11971
2602.12239
2602.12363
2403.19661
2404.15191
2602.09780
2512.03951
2510.23369
2602.14015
2602.14332
2507.12044
2601.16729
2602.14424
2602.15358
2602.15667
2602.15807
2602.16381
2602.16602
2411.17281
2306.09727
2312.16645
2406.00417
2503.22217
2602.17160
2602.17347
2602.17355
2502.03477
2602.17917
2602.18033
2509.18410
2508.09604
2602.19860
2602.19904
2509.04435
2602.20755
2602.21060
2602.21083
2602.21184
2602.21330
2602.22373
2510.14716
2602.22899
2602.23532
1703.10137
2505.06059
2511.21913
2603.00896
2509.03371
2310.11972
2603.02580
2412.13956
2512.22797
2603.04188
2512.12556
2602.03149
2510.06886
2501.10672
2508.07735
2603.07773
2603.07840
2303.08000
2503.23871
2410.00853
2502.14134
2405.12917
2503.05457
2603.07595
2603.09430
2603.09433
2212.02444
2506.23375
2603.04856
2511.10454
2512.05232
2412.20262
2603.12301
2603.12302
2603.13002
